2 0.7796875 0.309375 0.12578125 0.22734375
2 0.68359375 0.32578125 0.075 0.1515625
2 0.625 0.3421875 0.046875 0.11484375
2 0.9265625 0.3890625 0.08828125 0.175
2 0.58671875 0.36640625 0.05 0.0890625
2 0.86875 0.35390625 0.08046875 0.15078125
0 0.707607 0.603303 0.389210 0.790697
0 0.931376 0.648793 0.136519 0.697496
0 0.561549 0.635652 0.134056 0.623437
0 0.447482 0.477603 0.067906 0.246147
0 0.627135 0.353644 0.053281 0.122665
0 0.624655 0.616232 0.239031 0.728157
0 0.502402 0.401596 0.056912 0.159166
0 0.867136 0.343921 0.071724 0.108089
