1 0.71171875 0.34609375 0.05234375 0.08984375
1 0.6546875 0.334375 0.04296875 0.08828125
2 0.146875 0.2953125 0.04765625 0.08984375
2 0.2734375 0.3359375 0.04375 0.08203125
2 0.21328125 0.32421875 0.04609375 0.0828125
2 0.22421875 0.18984375 0.04140625 0.08359375
2 0.2953125 0.215625 0.03671875 0.06953125
2 0.3484375 0.2265625 0.034375 0.06484375
2 0.37578125 0.35 0.04140625 0.084375
2 0.55625 0.31171875 0.04453125 0.08515625
2 0.8765625 0.340625 0.05078125 0.096875
0 0.892249 0.595780 0.104978 0.602379
0 0.130728 0.592783 0.157673 0.645333
0 0.367616 0.590646 0.119486 0.544204
0 0.808141 0.587501 0.117608 0.567654
0 0.454660 0.598130 0.099036 0.507763
0 0.620263 0.573039 0.128892 0.527609
0 0.710613 0.581648 0.115085 0.554255
0 0.275009 0.599207 0.130429 0.596185
0 0.523732 0.578006 0.109326 0.510657
0 0.216057 0.472432 0.068112 0.363400
0 0.753560 0.339948 0.061501 0.128967
0 0.415215 0.354533 0.056573 0.136594
0 0.457355 0.501112 0.090866 0.299027
0 0.560114 0.342921 0.070230 0.140686
