2 0.34453125 0.40703125 0.05625 0.12421875
2 0.03046875 0.43046875 0.0609375 0.1453125
3 0.61171875 0.4921875 0.07265625 0.21796875
2 0.590625 0.33984375 0.040625 0.0828125
2 0.89609375 0.3234375 0.05703125 0.109375
3 0.909375 0.48515625 0.07734375 0.2234375
0 0.097409 0.677276 0.194817 0.644907
0 0.225652 0.510651 0.112124 0.331387
0 0.345934 0.672042 0.167476 0.655465
0 0.601451 0.605222 0.129453 0.599905
0 0.715856 0.635596 0.148499 0.554921
0 0.905981 0.590174 0.095293 0.661901
0 0.539039 0.504932 0.064618 0.132611
0 0.819888 0.547924 0.119701 0.533336
0 0.762185 0.488134 0.090952 0.258968
