1 0.69609375 0.3546875 0.05390625 0.09921875
1 0.07265625 0.35625 0.05 0.078125
1 0.26015625 0.42578125 0.0640625 0.09921875
0 0.462512 0.755238 0.332530 0.489182
0 0.716416 0.590802 0.110482 0.569065
0 0.091981 0.552185 0.112508 0.473144
0 0.481484 0.487234 0.126870 0.274397
0 0.169012 0.571652 0.128226 0.611875
0 0.256204 0.328579 0.058121 0.112564
0 0.252717 0.687615 0.230798 0.623306
0 0.532346 0.389871 0.074482 0.286462
0 0.336753 0.452525 0.080726 0.419704
0 0.153913 0.549572 0.114440 0.526884
0 0.835270 0.445671 0.052801 0.056803
