1 0.0859375 0.25546875 0.06484375 0.08359375
1 0.178125 0.2546875 0.05 0.07265625
1 0.284375 0.40390625 0.05 0.07890625
1 0.596875 0.43203125 0.04921875 0.084375
2 0.8703125 0.26875 0.04296875 0.05546875
2 0.8140625 0.31484375 0.040625 0.0515625
0 0.060675 0.442838 0.121350 0.452996
0 0.166463 0.437466 0.111594 0.442045
0 0.959708 0.487723 0.079830 0.382931
0 0.280168 0.514010 0.152669 0.303903
0 0.757938 0.568202 0.231302 0.327275
0 0.416936 0.530228 0.145478 0.264611
0 0.647471 0.368410 0.111705 0.254536
0 0.375083 0.391124 0.081150 0.246414
0 0.608164 0.537185 0.107785 0.294775
0 0.530361 0.551386 0.104452 0.243668
0 0.459589 0.406416 0.098020 0.288342
0 0.878819 0.440541 0.097220 0.400779
0 0.792801 0.469917 0.152587 0.374980
0 0.549018 0.358487 0.097471 0.195963
0 0.232389 0.342951 0.078438 0.227889
0 0.287101 0.356749 0.107126 0.193710
0 0.809809 0.486988 0.122795 0.321440
