4 0.30546875 0.78203125 0.10078125 0.2140625
4 0.5984375 0.78125 0.09765625 0.2125
4 0.74140625 0.7390625 0.1046875 0.2140625
4 0.86875 0.77109375 0.09609375 0.23515625
1 0.32421875 0.6265625 0.04921875 0.0765625
1 0.5953125 0.6265625 0.06015625 0.08515625
1 0.73203125 0.58125 0.05390625 0.0859375
1 0.83828125 0.6 0.0671875 0.08671875
0 0.304265 0.793551 0.119662 0.409874
0 0.858161 0.779840 0.120190 0.440320
0 0.598569 0.792873 0.112315 0.412239
0 0.741272 0.769815 0.144251 0.460371
0 0.033342 0.731012 0.052815 0.179890
0 0.529102 0.759646 0.061100 0.292177
0 0.920870 0.745679 0.079480 0.383396
0 0.385018 0.784530 0.059450 0.306840
0 0.975450 0.719515 0.047969 0.281836
