2 0.45390625 0.15078125 0.09765625 0.16875
2 0.725 0.2046875 0.05390625 0.0921875
2 0.84453125 0.1859375 0.03984375 0.078125
2 0.23203125 0.24375 0.03515625 0.0625
2 0.30625 0.2296875 0.05546875 0.06875
2 0.5859375 0.1828125 0.0671875 0.12265625
1 0.56328125 0.440625 0.103125 0.14296875
0 0.714517 0.334856 0.125456 0.347109
0 0.902779 0.475509 0.193650 0.736635
0 0.439834 0.385359 0.222618 0.620424
0 0.834733 0.407885 0.105792 0.518048
0 0.311249 0.442957 0.079304 0.487981
0 0.579521 0.360834 0.137373 0.467465
0 0.166821 0.399527 0.052338 0.373151
0 0.957382 0.623977 0.084743 0.750626
0 0.627584 0.293214 0.057689 0.300704
0 0.629446 0.332247 0.054998 0.227898
0 0.225947 0.451948 0.121685 0.481024
0 0.863661 0.424382 0.146171 0.588395
0 0.265411 0.269579 0.031530 0.073107
