2 0.70859375 0.3359375 0.053125 0.11484375
2 0.46015625 0.28359375 0.07578125 0.11015625
2 0.5390625 0.3171875 0.06015625 0.09140625
2 0.27109375 0.21875 0.0859375 0.146875
3 0.46015625 0.51484375 0.10625 0.3
3 0.72265625 0.503125 0.12734375 0.2234375
2 0.1171875 0.2890625 0.11015625 0.1671875
0 0.721790 0.634432 0.186033 0.708037
0 0.479209 0.612806 0.151374 0.766338
0 0.261791 0.574938 0.202717 0.841893
0 0.114883 0.599018 0.219057 0.797043
0 0.562525 0.630467 0.153302 0.720706
0 0.027094 0.606968 0.054189 0.755431
0 0.027313 0.433668 0.054548 0.399113
