3 0.16484375 0.509375 0.1328125 0.28515625
2 0.23046875 0.33046875 0.07578125 0.12265625
1 0.43984375 0.40625 0.05390625 0.0875
0 0.176645 0.635782 0.288317 0.722751
0 0.874518 0.563981 0.065367 0.206123
0 0.671724 0.568878 0.106720 0.248870
0 0.337491 0.513564 0.105068 0.240527
0 0.421456 0.510133 0.107589 0.284855
0 0.596040 0.552513 0.090949 0.238165
0 0.081890 0.458317 0.127526 0.339170
0 0.274476 0.420745 0.085930 0.158658
0 0.492544 0.531802 0.107340 0.262521
0 0.812818 0.585984 0.080429 0.213636
0 0.562883 0.546361 0.064881 0.240076
0 0.028078 0.470303 0.055894 0.343281
