2 0.04765625 0.5359375 0.05 0.06875
2 0.3109375 0.52890625 0.0375 0.05625
2 0.48671875 0.56328125 0.02734375 0.04609375
0 0.044676 0.718334 0.080011 0.434986
0 0.585588 0.663066 0.061368 0.227693
0 0.668213 0.668599 0.062902 0.272490
0 0.485581 0.679063 0.063084 0.276602
0 0.226420 0.687519 0.062276 0.296632
0 0.315150 0.704707 0.077582 0.402611
0 0.390900 0.684865 0.070958 0.307723
0 0.178620 0.660419 0.036611 0.141135
0 0.273447 0.689785 0.040406 0.253887
0 0.452745 0.655369 0.033284 0.195305
