3 0.4984375 0.5640625 0.17734375 0.36640625
1 0.30625 0.38671875 0.09140625 0.1796875
1 0.66015625 0.37890625 0.08359375 0.15703125
2 0.78203125 0.26328125 0.1109375 0.18203125
0 0.664917 0.528885 0.161976 0.453939
0 0.818023 0.493741 0.199261 0.656182
0 0.912617 0.601508 0.174208 0.796985
0 0.089637 0.455521 0.179274 0.593527
0 0.261981 0.600413 0.185905 0.605130
0 0.720246 0.399477 0.071278 0.158827
0 0.501119 0.501838 0.203761 0.512583
0 0.095764 0.727753 0.190830 0.543045
0 0.383464 0.503820 0.102843 0.505187
