4 0.18515625 0.6015625 0.09765625 0.22265625
4 0.296875 0.5875 0.09765625 0.20703125
4 0.40078125 0.571875 0.0953125 0.23203125
4 0.61015625 0.5921875 0.1046875 0.19453125
4 0.72109375 0.5796875 0.0953125 0.18515625
3 0.82734375 0.571875 0.11484375 0.20078125
1 0.5 0.43828125 0.05390625 0.0921875
0 0.178463 0.693187 0.142548 0.610804
0 0.830549 0.659066 0.133001 0.552572
0 0.720780 0.665550 0.114956 0.563042
0 0.612093 0.678382 0.116175 0.533257
0 0.290318 0.691723 0.118299 0.585871
0 0.505650 0.676023 0.124914 0.543479
0 0.393658 0.671083 0.117243 0.611024
0 0.353893 0.406406 0.072458 0.179293
0 0.656933 0.501399 0.077679 0.263680
0 0.541431 0.423127 0.072879 0.172362
