4 0.73984375 0.64609375 0.12109375 0.32578125
4 0.10859375 0.66328125 0.1359375 0.275
1 0.7453125 0.409375 0.07578125 0.13203125
2 0.07890625 0.475 0.075 0.1046875
0 0.093015 0.710069 0.184568 0.578567
0 0.714823 0.672131 0.184140 0.653086
0 0.280976 0.745487 0.204300 0.509025
0 0.417451 0.532118 0.094759 0.414880
0 0.327234 0.525053 0.087376 0.318135
0 0.485937 0.564239 0.103896 0.387265
0 0.163670 0.454926 0.067692 0.229436
0 0.619058 0.669635 0.116026 0.594494
0 0.224792 0.511220 0.091461 0.352632
0 0.937217 0.619758 0.042956 0.468506
