2 0.3046875 0.2125 0.1171875 0.2375
2 0.55 0.2609375 0.08828125 0.1671875
0 0.804298 0.507390 0.278645 0.982951
0 0.268932 0.516235 0.339251 0.846665
0 0.590583 0.549008 0.305969 0.743073
0 0.964217 0.628240 0.071048 0.739351
0 0.414974 0.548920 0.107565 0.573142
0 0.081554 0.654278 0.161975 0.688524
0 0.051675 0.481107 0.103351 0.932708
0 0.387317 0.246776 0.074343 0.127417
0 0.140595 0.323041 0.085218 0.150118
0 0.648093 0.309765 0.095345 0.195740
0 0.479263 0.345381 0.086529 0.204936
0 0.060485 0.377527 0.093457 0.266968
