2 0.47734375 0.44609375 0.04765625 0.08125
1 0.71328125 0.46015625 0.0578125 0.0921875
3 0.48046875 0.565625 0.11015625 0.15703125
3 0.5953125 0.5765625 0.1 0.1625
3 0.715625 0.5953125 0.10859375 0.18671875
0 0.043090 0.652079 0.086181 0.480307
0 0.942982 0.676242 0.113693 0.544604
0 0.193971 0.639905 0.119853 0.497498
0 0.832587 0.682523 0.128404 0.528264
0 0.714560 0.680878 0.121951 0.527461
0 0.480264 0.671739 0.126393 0.530789
0 0.596642 0.683178 0.115314 0.510937
0 0.286204 0.647386 0.118762 0.492673
0 0.383431 0.667256 0.104182 0.521629
