1 0.196875 0.290625 0.05703125 0.11171875
1 0.346875 0.3265625 0.05546875 0.0984375
3 0.50078125 0.4015625 0.134375 0.221875
0 0.350854 0.585734 0.171070 0.624172
0 0.692708 0.563911 0.115532 0.558177
0 0.502648 0.536077 0.159842 0.673326
0 0.865455 0.549542 0.102851 0.633914
0 0.167951 0.573357 0.112283 0.671615
0 0.602185 0.553626 0.113561 0.634073
0 0.790750 0.549307 0.098785 0.571159
0 0.983033 0.326138 0.033557 0.109586
0 0.734039 0.411361 0.080622 0.310260
0 0.914517 0.322821 0.028338 0.081818
0 0.243467 0.569338 0.101877 0.640262
