1 0.4515625 0.16953125 0.06640625 0.07265625
2 0.57265625 0.153125 0.05 0.06875
3 0.66328125 0.3125 0.12265625 0.15546875
3 0.4734375 0.2875 0.125 0.14765625
0 0.665948 0.426726 0.180807 0.523456
0 0.184179 0.403159 0.201966 0.564505
0 0.485180 0.407578 0.162252 0.551239
0 0.863537 0.412058 0.195712 0.531022
0 0.352438 0.431129 0.139150 0.503708
0 0.580554 0.377247 0.136883 0.514937
0 0.759449 0.402927 0.114154 0.513529
0 0.272588 0.409951 0.097945 0.533056
0 0.274898 0.311574 0.094100 0.328713
