3 0.47890625 0.69765625 0.08046875 0.1640625
3 0.58125 0.71015625 0.078125 0.15078125
3 0.3765625 0.6875 0.08046875 0.14296875
0 0.101891 0.755269 0.108194 0.468656
0 0.463485 0.772220 0.111148 0.442523
0 0.365773 0.766954 0.121577 0.440917
0 0.246990 0.772006 0.141450 0.450190
0 0.762981 0.918512 0.129845 0.162188
0 0.564592 0.780005 0.115710 0.434390
0 0.669223 0.785470 0.103383 0.426029
0 0.730981 0.717119 0.058412 0.278510
0 0.783512 0.741036 0.079562 0.364397
0 0.949972 0.941024 0.099839 0.117460
0 0.888878 0.732981 0.154284 0.409101
