2 0.55859375 0.3984375 0.04609375 0.07734375
2 0.66953125 0.434375 0.04453125 0.08828125
2 0.7765625 0.41953125 0.0453125 0.08984375
2 0.915625 0.434375 0.05859375 0.09453125
2 0.428125 0.43984375 0.04296875 0.0859375
2 0.35859375 0.4375 0.0421875 0.08125
0 0.920421 0.686644 0.158699 0.591382
0 0.269586 0.630503 0.094366 0.403198
0 0.558595 0.612693 0.124059 0.502423
0 0.067025 0.643257 0.119771 0.408493
0 0.670630 0.635160 0.118921 0.479201
0 0.784539 0.631445 0.118574 0.509709
0 0.183526 0.627007 0.103826 0.397312
0 0.433285 0.624716 0.110309 0.451919
0 0.354690 0.622772 0.092471 0.444535
