1 0.415625 0.40625 0.05 0.1359375
1 0.48984375 0.415625 0.04140625 0.07421875
1 0.81328125 0.43984375 0.0453125 0.096875
1 0.92109375 0.446875 0.0515625 0.10078125
1 0.165625 0.3953125 0.05078125 0.08671875
0 0.153079 0.609646 0.143948 0.515659
0 0.919113 0.699019 0.160705 0.601963
0 0.811982 0.677984 0.122530 0.558013
0 0.578563 0.592075 0.074884 0.307919
0 0.286491 0.657097 0.121631 0.617361
0 0.386709 0.675292 0.174867 0.649416
0 0.733249 0.611272 0.062930 0.281270
0 0.500547 0.621124 0.081892 0.483210
