1 0.8984375 0.509375 0.159375 0.17734375
2 0.59296875 0.35859375 0.03125 0.0625
2 0.4328125 0.33984375 0.02734375 0.05
0 0.863852 0.709154 0.230788 0.580193
0 0.727692 0.731426 0.172134 0.534157
0 0.303988 0.476109 0.102436 0.306985
0 0.436054 0.454535 0.061226 0.262450
0 0.478875 0.470402 0.093753 0.312130
0 0.373409 0.426502 0.071597 0.263970
0 0.582943 0.522302 0.087139 0.372046
0 0.668997 0.545042 0.104963 0.409784
0 0.867624 0.389456 0.065373 0.117254
0 0.971432 0.902837 0.056624 0.193061
0 0.817070 0.457421 0.073400 0.222276
0 0.537486 0.452436 0.052606 0.291793
