2 0.13203125 0.42421875 0.06640625 0.10703125
2 0.31796875 0.440625 0.05625 0.0890625
3 0.49765625 0.58125 0.07578125 0.153125
3 0.59921875 0.58515625 0.0625 0.1296875
3 0.69921875 0.57265625 0.065625 0.13515625
0 0.499996 0.695266 0.103805 0.502501
0 0.035004 0.708499 0.070008 0.578807
0 0.324539 0.694073 0.120165 0.597933
0 0.608845 0.675041 0.088667 0.423888
0 0.971005 0.593022 0.057514 0.265557
0 0.757617 0.631110 0.070427 0.347658
0 0.129108 0.688504 0.115198 0.622992
0 0.693258 0.658029 0.087398 0.409214
0 0.814341 0.607916 0.064953 0.300257
0 0.250173 0.708103 0.095834 0.529935
0 0.552110 0.589416 0.054787 0.284155
0 0.866000 0.598862 0.057001 0.264766
0 0.414530 0.590345 0.071861 0.271248
0 0.189006 0.654413 0.064520 0.431445
0 0.916523 0.585991 0.044548 0.225554
0 0.364735 0.596454 0.054845 0.277774
0 0.907140 0.590988 0.062771 0.253422
