2 0.93984375 0.7046875 0.0515625 0.06875
1 0.84140625 0.703125 0.0265625 0.05
1 0.6234375 0.70546875 0.040625 0.059375
1 0.3453125 0.66484375 0.03203125 0.05390625
0 0.937842 0.835153 0.123683 0.328296
0 0.419498 0.812113 0.090905 0.322935
0 0.280599 0.784720 0.058083 0.269534
0 0.618123 0.835462 0.080648 0.328125
0 0.221074 0.802952 0.084760 0.317872
0 0.693231 0.867440 0.056641 0.265119
0 0.849002 0.805135 0.071408 0.252633
0 0.078482 0.750672 0.054399 0.253723
0 0.334211 0.823255 0.089834 0.340702
0 0.521349 0.810174 0.058321 0.279576
0 0.026762 0.761404 0.053525 0.295919
0 0.152161 0.780175 0.080406 0.292960
0 0.474441 0.808369 0.052364 0.206720
