1 0.2703125 0.6640625 0.03203125 0.05390625
1 0.56953125 0.678125 0.0234375 0.034375
1 0.65859375 0.68125 0.02578125 0.03671875
1 0.8 0.66328125 0.0296875 0.04609375
1 0.49375 0.66640625 0.02421875 0.03984375
1 0.84609375 0.68203125 0.02421875 0.03515625
0 0.086145 0.804358 0.083933 0.316769
0 0.578120 0.799310 0.072183 0.267483
0 0.949375 0.790039 0.085837 0.250110
0 0.196562 0.802560 0.077517 0.286711
0 0.670805 0.798397 0.067966 0.266826
0 0.476632 0.795986 0.090693 0.298194
0 0.864075 0.794590 0.068501 0.253776
0 0.260589 0.798596 0.076382 0.320994
0 0.809340 0.791617 0.062444 0.298365
0 0.624763 0.798507 0.032486 0.128447
0 0.491924 0.788400 0.061184 0.275050
0 0.754095 0.794064 0.042819 0.155337
0 0.463459 0.793778 0.064768 0.292151
0 0.414434 0.804622 0.018836 0.045090
