3 0.50625 0.6390625 0.15546875 0.3
3 0.70390625 0.6078125 0.1421875 0.2578125
3 0.90703125 0.60234375 0.14296875 0.26875
1 0.9125 0.4015625 0.065625 0.1359375
1 0.22421875 0.3703125 0.07421875 0.14375
0 0.913380 0.669610 0.165477 0.660779
0 0.504926 0.661773 0.201812 0.673649
0 0.088275 0.682068 0.160800 0.635864
0 0.326442 0.652429 0.152753 0.695143
0 0.694991 0.670500 0.171599 0.659000
0 0.205344 0.651902 0.131413 0.696197
0 0.779196 0.692147 0.105092 0.615707
0 0.649563 0.446250 0.065716 0.140630
0 0.598518 0.678261 0.075140 0.639296
