3 0.24765625 0.6359375 0.096875 0.23671875
3 0.53359375 0.60703125 0.09140625 0.2140625
2 0.25703125 0.475 0.053125 0.078125
1 0.5390625 0.45390625 0.05078125 0.0859375
0 0.389314 0.701239 0.158443 0.593790
0 0.529863 0.688969 0.115393 0.561700
0 0.239940 0.717108 0.126044 0.564439
0 0.644102 0.695126 0.121941 0.489519
0 0.787458 0.595284 0.071937 0.290321
0 0.855548 0.597804 0.076982 0.342167
0 0.945298 0.574433 0.054307 0.251071
0 0.990134 0.585950 0.019196 0.184149
0 0.679023 0.606062 0.054046 0.325383
