2 0.5390625 0.18203125 0.0515625 0.10625
2 0.1546875 0.17421875 0.071875 0.140625
3 0.41953125 0.36328125 0.115625 0.2328125
3 0.14140625 0.3984375 0.10859375 0.29765625
3 0.3109375 0.378125 0.1015625 0.26640625
0 0.841494 0.556807 0.189164 0.811380
0 0.529460 0.460720 0.135147 0.674267
0 0.146141 0.535265 0.123954 0.837776
0 0.673347 0.547618 0.233965 0.856282
0 0.419687 0.524516 0.138200 0.790852
0 0.962954 0.549727 0.073487 0.891365
0 0.279283 0.518480 0.191121 0.799180
0 0.673652 0.182559 0.085993 0.165325
0 0.319157 0.513339 0.116285 0.773969
