2 0.40703125 0.14921875 0.06015625 0.109375
1 0.57734375 0.18125 0.046875 0.0796875
2 0.28671875 0.15703125 0.06640625 0.128125
2 0.796875 0.18359375 0.07265625 0.11796875
0 0.804377 0.550071 0.192636 0.845292
0 0.940283 0.472414 0.119018 0.651692
0 0.151257 0.547064 0.167102 0.888539
0 0.649680 0.520411 0.158540 0.761072
0 0.534557 0.406033 0.134671 0.546875
0 0.318223 0.508204 0.206341 0.818072
0 0.427152 0.497475 0.154524 0.754198
0 0.708205 0.215976 0.094419 0.139348
0 0.903329 0.206005 0.080194 0.181019
