3 0.4484375 0.48828125 0.184375 0.33671875
3 0.7359375 0.44375 0.2140625 0.35859375
2 0.4609375 0.24609375 0.0765625 0.13359375
2 0.23203125 0.19453125 0.0859375 0.15546875
2 0.73515625 0.16953125 0.08515625 0.134375
0 0.905450 0.601452 0.188202 0.797097
0 0.196915 0.557822 0.307423 0.884357
0 0.730812 0.552130 0.219006 0.895741
0 0.457930 0.587446 0.245585 0.822591
0 0.139113 0.225617 0.097800 0.137301
0 0.036342 0.589446 0.072684 0.802874
0 0.574270 0.603012 0.129859 0.784180
0 0.505518 0.316310 0.040641 0.057366
0 0.336632 0.313413 0.098189 0.214308
0 0.403681 0.300059 0.052733 0.090108
0 0.285545 0.297142 0.034894 0.058584
0 0.330903 0.597953 0.114641 0.788595
