2 0.30703125 0.5421875 0.04140625 0.10859375
2 0.24453125 0.55390625 0.05 0.10078125
2 0.6375 0.54921875 0.04609375 0.11953125
3 0.41875 0.7265625 0.08984375 0.23359375
3 0.5046875 0.75234375 0.0921875 0.24765625
1 0.740625 0.53671875 0.0515625 0.15
0 0.639005 0.749293 0.116071 0.499890
0 0.504340 0.765472 0.103367 0.469056
0 0.312785 0.746845 0.117410 0.505979
0 0.229381 0.750577 0.124241 0.497201
0 0.885791 0.654970 0.136493 0.308890
0 0.416475 0.754823 0.104969 0.490354
0 0.169532 0.779728 0.051599 0.436116
0 0.739059 0.671993 0.098955 0.270149
0 0.167790 0.730161 0.058959 0.339525
