4 0.603125 0.6578125 0.08359375 0.14453125
4 0.5109375 0.58203125 0.0671875 0.1453125
4 0.19453125 0.6609375 0.096875 0.14765625
4 0.3125 0.478125 0.0578125 0.10390625
1 0.2078125 0.540625 0.04375 0.071875
1 0.04921875 0.72109375 0.0609375 0.09609375
1 0.303125 0.40078125 0.02578125 0.0453125
1 0.51484375 0.47734375 0.0359375 0.04765625
1 0.55078125 0.29921875 0.01953125 0.02734375
0 0.072912 0.835456 0.145824 0.328193
0 0.611743 0.759603 0.145891 0.459981
0 0.189543 0.699600 0.148553 0.386605
0 0.500296 0.626231 0.106570 0.344914
0 0.317953 0.525633 0.083727 0.250770
0 0.606624 0.541328 0.110754 0.170848
0 0.548983 0.398838 0.050372 0.172837
