1 0.16796875 0.41640625 0.046875 0.06796875
1 0.3515625 0.40390625 0.03515625 0.0671875
1 0.79375 0.3671875 0.0453125 0.07421875
1 0.571875 0.39296875 0.03515625 0.06640625
0 0.361513 0.447663 0.096637 0.150056
0 0.179300 0.460160 0.099555 0.150874
0 0.625807 0.447221 0.078633 0.126679
0 0.699885 0.423760 0.090937 0.159103
0 0.262533 0.790240 0.083925 0.156710
0 0.494134 0.450516 0.065170 0.131281
0 0.574122 0.435493 0.062817 0.143812
0 0.452920 0.454686 0.071297 0.127652
0 0.799228 0.416479 0.086388 0.166509
0 0.703098 0.761601 0.066800 0.116594
0 0.817334 0.416321 0.121554 0.168209
0 0.180501 0.610637 0.098555 0.447033
0 0.084023 0.660085 0.125348 0.396587
