3 0.21875 0.1625 0.075 0.08671875
3 0.9078125 0.2328125 0.1 0.153125
1 0.1078125 0.11796875 0.0515625 0.0453125
1 0.19453125 0.096875 0.04296875 0.0375
1 0.88359375 0.115625 0.0625 0.0578125
0 0.223518 0.204427 0.107015 0.253897
0 0.134913 0.212953 0.112426 0.235039
0 0.373787 0.853661 0.122791 0.291723
0 0.194353 0.881223 0.144270 0.236652
0 0.810343 0.813502 0.077670 0.244205
0 0.380221 0.119264 0.039463 0.106479
0 0.912585 0.810912 0.044706 0.105153
0 0.412443 0.124241 0.034562 0.099160
0 0.597127 0.812638 0.053799 0.095892
0 0.309715 0.851941 0.088000 0.270799
0 0.450681 0.126568 0.040219 0.095945
0 0.864304 0.209424 0.200659 0.248642
0 0.563656 0.811585 0.036513 0.099086
0 0.316498 0.554032 0.022276 0.060872
0 0.664057 0.834891 0.082230 0.136477
0 0.761508 0.798116 0.039144 0.129279
0 0.945622 0.806765 0.046131 0.090381
0 0.401575 0.553007 0.019865 0.057464
0 0.673913 0.820701 0.100476 0.164014
0 0.261975 0.819022 0.057689 0.121214
0 0.588042 0.811865 0.040972 0.099067
0 0.896807 0.209377 0.137393 0.246480
0 0.348197 0.129581 0.030061 0.060127
