3 0.75703125 0.60234375 0.10625 0.18828125
1 0.746875 0.46015625 0.05234375 0.0796875
1 0.55390625 0.5 0.01796875 0.02890625
1 0.2703125 0.465625 0.02265625 0.03515625
1 0.1953125 0.4796875 0.0328125 0.04140625
1 0.1796875 0.6546875 0.03984375 0.06640625
0 0.767622 0.705276 0.128708 0.565506
0 0.265883 0.557585 0.051798 0.215842
0 0.142320 0.742645 0.158182 0.205040
0 0.187747 0.558334 0.077784 0.196576
0 0.064306 0.518208 0.045332 0.130785
0 0.559266 0.574519 0.052867 0.173269
0 0.601103 0.598284 0.046202 0.126234
0 0.634276 0.538992 0.024464 0.090024
0 0.412511 0.539263 0.036065 0.126862
0 0.524692 0.540623 0.032502 0.102632
