4 0.15859375 0.70390625 0.190625 0.36171875
3 0.7109375 0.803125 0.15078125 0.37265625
1 0.39609375 0.3140625 0.05546875 0.0953125
0 0.677900 0.765366 0.238409 0.468604
0 0.894836 0.830791 0.209022 0.337117
0 0.397124 0.423381 0.137414 0.315355
0 0.173952 0.673751 0.224727 0.651210
0 0.250844 0.322105 0.079888 0.246195
0 0.471821 0.630749 0.163898 0.541541
0 0.538918 0.366627 0.108041 0.167787
0 0.593256 0.591086 0.118503 0.505942
0 0.597917 0.506136 0.109742 0.324117
0 0.348978 0.273316 0.055322 0.164568
