2 0.33671875 0.64375 0.021875 0.0375
2 0.4421875 0.628125 0.0140625 0.025
2 0.4171875 0.621875 0.015625 0.0265625
2 0.16484375 0.6140625 0.0265625 0.03515625
2 0.05078125 0.61875 0.01953125 0.02265625
0 0.339412 0.765738 0.089464 0.281184
0 0.264280 0.700785 0.062375 0.200902
0 0.081802 0.673728 0.042099 0.145993
0 0.210044 0.687687 0.041943 0.145397
0 0.410339 0.683712 0.046583 0.167380
0 0.152503 0.727915 0.056577 0.254936
0 0.718262 0.629009 0.028102 0.054180
0 0.019528 0.760231 0.038895 0.269962
0 0.752335 0.621635 0.015083 0.045712
0 0.135115 0.729518 0.092431 0.254060
