3 0.13671875 0.540625 0.13203125 0.2734375
3 0.26875 0.54453125 0.12578125 0.21328125
3 0.39453125 0.53984375 0.12734375 0.26640625
3 0.53046875 0.51875 0.12578125 0.2875
3 0.66875 0.49921875 0.13203125 0.221875
3 0.79921875 0.52890625 0.13203125 0.1625
2 0.39375 0.346875 0.06015625 0.1125
2 0.53203125 0.321875 0.06171875 0.1015625
2 0.6703125 0.33359375 0.05859375 0.1015625
2 0.14609375 0.3421875 0.06171875 0.10078125
0 0.139185 0.649413 0.147078 0.701174
0 0.793338 0.679106 0.139826 0.641788
0 0.395493 0.644156 0.142253 0.711688
0 0.266390 0.677659 0.139139 0.644681
0 0.528893 0.638327 0.137418 0.723347
0 0.663851 0.640227 0.147223 0.715475
