2 0.1203125 0.25078125 0.078125 0.13828125
2 0.275 0.29140625 0.07578125 0.1390625
2 0.42421875 0.2 0.07421875 0.13671875
2 0.59609375 0.2984375 0.096875 0.1453125
2 0.7609375 0.32734375 0.07890625 0.13046875
2 0.89296875 0.29375 0.0875 0.14609375
3 0.1171875 0.47265625 0.1734375 0.27890625
3 0.278125 0.47890625 0.14375 0.23046875
3 0.4375 0.43203125 0.1609375 0.28828125
3 0.60078125 0.49921875 0.15390625 0.240625
0 0.910999 0.478177 0.175501 0.498189
0 0.123641 0.590865 0.190351 0.811228
0 0.278171 0.609834 0.145507 0.776613
0 0.902378 0.866056 0.133342 0.266389
0 0.434050 0.561385 0.201044 0.877230
0 0.602365 0.614072 0.161016 0.771857
0 0.760196 0.634021 0.147575 0.731958
0 0.759981 0.525283 0.145699 0.524147
0 0.717562 0.629694 0.233448 0.740612
