3 0.14375 0.5046875 0.2109375 0.459375
3 0.353125 0.50859375 0.20703125 0.46796875
2 0.2265625 0.1796875 0.11484375 0.22109375
2 0.3765625 0.175 0.10078125 0.22734375
2 0.50234375 0.190625 0.09609375 0.18515625
2 0.6515625 0.221875 0.10234375 0.20390625
2 0.82578125 0.1375 0.096875 0.20078125
3 0.5015625 0.42734375 0.165625 0.2921875
0 0.149998 0.528782 0.268434 0.933363
0 0.670580 0.537960 0.196159 0.924080
0 0.342679 0.530180 0.231709 0.938077
0 0.848693 0.513055 0.196873 0.940958
0 0.512764 0.544529 0.187897 0.908657
