2 0.11953125 0.41875 0.090625 0.15546875
2 0.32109375 0.39765625 0.10546875 0.18203125
2 0.51875 0.3234375 0.1015625 0.1859375
2 0.6953125 0.4234375 0.09609375 0.16875
2 0.87109375 0.43046875 0.0984375 0.1625
3 0.1234375 0.68359375 0.2046875 0.37421875
3 0.3234375 0.64609375 0.16875 0.31796875
3 0.5125 0.6234375 0.190625 0.39609375
0 0.124089 0.670400 0.200430 0.658175
0 0.510477 0.615350 0.231862 0.769301
0 0.317389 0.659814 0.188785 0.678729
0 0.855304 0.673576 0.162685 0.649667
0 0.701029 0.673170 0.192456 0.648230
