3 0.1484375 0.62734375 0.17734375 0.31875
3 0.31796875 0.54921875 0.16171875 0.309375
3 0.49921875 0.53359375 0.18203125 0.39296875
3 0.6953125 0.48671875 0.16328125 0.24921875
2 0.13671875 0.390625 0.10078125 0.1546875
2 0.321875 0.32890625 0.075 0.14921875
2 0.503125 0.265625 0.08203125 0.15859375
2 0.6921875 0.2890625 0.096875 0.15
2 0.85234375 0.396875 0.10546875 0.17109375
0 0.151936 0.658708 0.172215 0.676444
0 0.852560 0.660610 0.182659 0.678779
0 0.322229 0.630837 0.178450 0.738327
0 0.505042 0.603851 0.219475 0.790603
0 0.693504 0.606569 0.192190 0.786863
