3 0.178125 0.7625 0.23046875 0.2953125
3 0.50390625 0.73046875 0.19765625 0.24140625
3 0.66640625 0.4515625 0.20390625 0.3171875
3 0.36171875 0.453125 0.21953125 0.3015625
2 0.18515625 0.51171875 0.10234375 0.1703125
2 0.3625 0.21484375 0.096875 0.16015625
2 0.66953125 0.19765625 0.1015625 0.1703125
0 0.177748 0.677525 0.230166 0.504992
0 0.802727 0.847985 0.211821 0.244949
0 0.507933 0.691685 0.232222 0.488018
0 0.363811 0.530434 0.226423 0.769069
0 0.790202 0.580948 0.225283 0.279165
0 0.661873 0.433771 0.217505 0.643874
