4 0.1765625 0.596875 0.1484375 0.30546875
4 0.32890625 0.58203125 0.14453125 0.28359375
4 0.5421875 0.60625 0.13671875 0.28984375
2 0.55234375 0.3890625 0.06953125 0.13359375
2 0.3203125 0.3625 0.0671875 0.134375
2 0.1796875 0.36796875 0.09140625 0.1375
2 0.796875 0.325 0.06328125 0.13671875
2 0.87734375 0.34921875 0.06875 0.12890625
0 0.171969 0.645282 0.222650 0.702916
0 0.543460 0.660026 0.189883 0.677610
0 0.337914 0.648353 0.174351 0.703293
0 0.824042 0.634121 0.337322 0.728156
0 0.792042 0.627577 0.206753 0.740817
