2 0.125 0.2671875 0.11875 0.20078125
2 0.309375 0.30859375 0.1078125 0.19140625
2 0.4796875 0.13203125 0.11953125 0.20859375
2 0.67734375 0.23515625 0.12265625 0.1984375
2 0.79765625 0.2046875 0.12421875 0.20078125
3 0.125 0.55546875 0.22421875 0.346875
3 0.30859375 0.565625 0.18984375 0.33359375
3 0.4796875 0.46875 0.2546875 0.45546875
0 0.128831 0.583746 0.228043 0.825116
0 0.306273 0.607308 0.221906 0.781878
0 0.859932 0.552678 0.241621 0.894644
0 0.480213 0.511939 0.276660 0.974949
0 0.692292 0.572098 0.235032 0.855804
