4 0.10625 0.409375 0.16640625 0.3375
4 0.59453125 0.478125 0.1078125 0.20546875
4 0.696875 0.4984375 0.109375 0.23125
4 0.79765625 0.51015625 0.1 0.2734375
4 0.925 0.4453125 0.15 0.3375
2 0.59453125 0.32421875 0.05625 0.0984375
2 0.6921875 0.3375 0.06875 0.10390625
2 0.78203125 0.3375 0.0671875 0.1109375
2 0.91015625 0.22578125 0.08671875 0.13671875
2 0.125 0.209375 0.08828125 0.1328125
0 0.131784 0.573178 0.236631 0.850172
0 0.568443 0.607383 0.169792 0.663770
0 0.923018 0.573867 0.153198 0.828648
0 0.668937 0.636159 0.152009 0.691357
0 0.797839 0.640093 0.115962 0.712335
