3 0.07734375 0.39921875 0.14921875 0.26953125
3 0.20234375 0.4203125 0.13203125 0.22265625
3 0.31328125 0.4171875 0.09765625 0.23671875
3 0.4203125 0.446875 0.10859375 0.2375
3 0.53203125 0.425 0.13828125 0.29140625
3 0.6328125 0.43203125 0.09296875 0.2484375
3 0.73046875 0.3796875 0.0953125 0.23828125
3 0.8109375 0.4390625 0.09296875 0.2296875
3 0.915625 0.40859375 0.1140625 0.296875
0 0.081710 0.554441 0.162602 0.798800
0 0.420716 0.577466 0.138560 0.691472
0 0.531285 0.539667 0.143165 0.770971
0 0.210034 0.568414 0.129375 0.752933
0 0.907408 0.560081 0.126252 0.815563
0 0.313800 0.569859 0.110319 0.706192
0 0.637047 0.567096 0.109706 0.741559
0 0.728217 0.546757 0.112708 0.784976
0 0.832874 0.556580 0.150181 0.793176
0 0.808621 0.584667 0.117173 0.705299
