1 0.13984375 0.3109375 0.14453125 0.31953125
1 0.24453125 0.334375 0.1 0.25078125
1 0.4171875 0.19375 0.09140625 0.234375
1 0.5875 0.2828125 0.121875 0.25859375
1 0.7234375 0.33671875 0.1171875 0.2984375
1 0.91953125 0.2 0.1609375 0.37734375
4 0.103125 0.6953125 0.20546875 0.5046875
0 0.244873 0.579353 0.489458 0.837596
0 0.418044 0.379782 0.184722 0.600752
0 0.738532 0.532721 0.521509 0.933191
0 0.575586 0.564254 0.266005 0.862232
0 0.331386 0.606802 0.329726 0.783039
0 0.704662 0.391100 0.189716 0.422140
