3 0.43984375 0.41171875 0.109375 0.2046875
3 0.26484375 0.43203125 0.12734375 0.2390625
3 0.73125 0.47109375 0.10546875 0.265625
1 0.27265625 0.24296875 0.06015625 0.1375
1 0.64296875 0.21796875 0.05859375 0.13359375
1 0.725 0.26796875 0.06875 0.13671875
0 0.769548 0.586345 0.249751 0.771805
0 0.263414 0.562895 0.164399 0.765701
0 0.021675 0.349012 0.043349 0.212818
0 0.433404 0.557617 0.140918 0.755007
0 0.085463 0.352434 0.063146 0.249233
0 0.633536 0.544972 0.136996 0.742081
0 0.173438 0.522232 0.109179 0.646780
0 0.528338 0.500640 0.114974 0.706272
0 0.930746 0.282127 0.087558 0.178425
0 0.591433 0.250034 0.046585 0.110490
