4 0.8359375 0.4390625 0.11875 0.19921875
4 0.203125 0.46015625 0.0796875 0.140625
1 0.8140625 0.2765625 0.07890625 0.1015625
1 0.45078125 0.35234375 0.0421875 0.0671875
1 0.52734375 0.309375 0.04140625 0.078125
1 0.38828125 0.3125 0.05234375 0.06875
0 0.838353 0.589541 0.198027 0.723996
0 0.185405 0.529692 0.124194 0.493457
0 0.606340 0.499204 0.100165 0.413382
0 0.523955 0.497902 0.093518 0.448789
0 0.332036 0.529646 0.140482 0.452888
0 0.451006 0.525524 0.103203 0.407547
0 0.275631 0.485901 0.084686 0.425770
0 0.384085 0.511807 0.073568 0.450998
0 0.287146 0.515610 0.076848 0.477538
0 0.568473 0.328444 0.042418 0.099566
