4 0.68984375 0.503125 0.09140625 0.18984375
4 0.09765625 0.46484375 0.06484375 0.12734375
4 0.8171875 0.5171875 0.11796875 0.18984375
4 0.5046875 0.44765625 0.05703125 0.11796875
4 0.453125 0.4578125 0.04375 0.10703125
4 0.41015625 0.45078125 0.03828125 0.096875
4 0.37734375 0.440625 0.0265625 0.09375
1 0.10078125 0.36171875 0.04609375 0.06328125
1 0.59375 0.36328125 0.0453125 0.08359375
1 0.5421875 0.359375 0.0328125 0.0515625
0 0.818568 0.616082 0.156211 0.598351
0 0.917516 0.605904 0.128319 0.524450
0 0.097069 0.521591 0.078449 0.377289
0 0.595972 0.565912 0.111217 0.479452
0 0.689110 0.578111 0.113856 0.542316
0 0.508382 0.523875 0.085694 0.379073
0 0.456270 0.507477 0.061930 0.333812
0 0.312257 0.468480 0.057108 0.230450
0 0.866784 0.367032 0.060292 0.146164
0 0.379991 0.490826 0.052366 0.291287
0 0.350277 0.480172 0.049312 0.266836
0 0.416974 0.500617 0.055182 0.298295
0 0.426793 0.497463 0.072950 0.314838
