2 0.07578125 0.3625 0.103125 0.1609375
2 0.2171875 0.31875 0.04921875 0.09453125
2 0.38359375 0.34140625 0.07109375 0.11015625
3 0.21328125 0.50078125 0.11015625 0.23984375
0 0.097267 0.638453 0.194153 0.719145
0 0.871456 0.600882 0.115922 0.500771
0 0.579905 0.604393 0.172313 0.657715
0 0.207768 0.604099 0.134123 0.668069
0 0.688965 0.582498 0.133490 0.557048
0 0.783000 0.566001 0.099759 0.429655
0 0.395766 0.637823 0.260000 0.698263
0 0.315413 0.597959 0.106987 0.487572
0 0.961743 0.608065 0.076365 0.311994
