1 0.80859375 0.24296875 0.08671875 0.1703125
1 0.27734375 0.26640625 0.06328125 0.14453125
1 0.38984375 0.321875 0.04609375 0.11015625
3 0.68515625 0.52578125 0.11328125 0.31015625
0 0.262330 0.588363 0.171219 0.772117
0 0.377047 0.574544 0.138190 0.562907
0 0.947408 0.630895 0.103956 0.738209
0 0.509000 0.547494 0.108977 0.493076
0 0.092378 0.429566 0.050708 0.188391
0 0.811649 0.578849 0.195296 0.842301
0 0.671775 0.608225 0.173884 0.783299
0 0.132167 0.422537 0.035962 0.160606
0 0.591017 0.556563 0.095355 0.499876
0 0.009953 0.423956 0.019584 0.205084
0 0.175849 0.445060 0.049178 0.220448
0 0.056361 0.438756 0.035555 0.147527
0 0.054595 0.420084 0.041379 0.185766
0 0.338167 0.338238 0.033594 0.082792
