2 0.07890625 0.25078125 0.06484375 0.0890625
2 0.70078125 0.378125 0.06484375 0.0953125
2 0.60546875 0.359375 0.05234375 0.06328125
0 0.081023 0.450142 0.137895 0.485312
0 0.918986 0.661071 0.161482 0.677858
0 0.784164 0.626484 0.166850 0.606052
0 0.603136 0.539504 0.095984 0.425162
0 0.688352 0.584576 0.111399 0.508093
0 0.339751 0.384238 0.057912 0.287840
0 0.536735 0.508601 0.078440 0.385566
0 0.416532 0.425174 0.066835 0.323110
0 0.663253 0.359585 0.075780 0.225571
0 0.832841 0.385858 0.101448 0.172445
0 0.480817 0.466604 0.083791 0.390655
0 0.457894 0.444501 0.063008 0.354431
0 0.494308 0.469412 0.072727 0.375931
0 0.370409 0.391564 0.057835 0.289273
0 0.742182 0.363223 0.055095 0.159829
