4 0.73984375 0.58984375 0.109375 0.29609375
4 0.87578125 0.63671875 0.1265625 0.34140625
2 0.18828125 0.475 0.059375 0.1515625
2 0.3140625 0.42265625 0.05234375 0.1328125
2 0.403125 0.384375 0.05859375 0.1265625
1 0.55078125 0.35625 0.059375 0.1453125
1 0.7375 0.3515625 0.05 0.1328125
0 0.871739 0.651612 0.162712 0.694250
0 0.733360 0.640159 0.137229 0.714377
0 0.188836 0.695484 0.169401 0.606686
0 0.408514 0.658619 0.138266 0.682763
0 0.308532 0.672786 0.150299 0.648577
0 0.507012 0.739532 0.156694 0.516713
0 0.558343 0.641993 0.181256 0.711467
