1 0.38828125 0.52890625 0.04296875 0.09765625
1 0.4671875 0.51484375 0.03359375 0.0859375
0 0.900686 0.690057 0.197298 0.617349
0 0.194355 0.727221 0.132871 0.541021
0 0.300180 0.733401 0.093546 0.518516
0 0.388784 0.732038 0.095601 0.496934
0 0.723925 0.605838 0.062341 0.288847
0 0.467932 0.713642 0.093052 0.470888
0 0.656321 0.643603 0.086447 0.327067
0 0.582966 0.656615 0.080790 0.363550
0 0.640878 0.643767 0.080830 0.332598
0 0.968265 0.534313 0.063006 0.227828
0 0.532263 0.701885 0.110645 0.445183
