1 0.47265625 0.21953125 0.05 0.11640625
1 0.57578125 0.26328125 0.05 0.10546875
1 0.38203125 0.2546875 0.05390625 0.11640625
4 0.4734375 0.41484375 0.0890625 0.2515625
4 0.38046875 0.42890625 0.09296875 0.2234375
4 0.5796875 0.4234375 0.0828125 0.21953125
0 0.072962 0.563422 0.139366 0.809527
0 0.273289 0.548339 0.120408 0.736374
0 0.378987 0.550308 0.117931 0.708538
0 0.179834 0.583885 0.110304 0.746929
0 0.929926 0.538811 0.137295 0.767226
0 0.573207 0.540449 0.098870 0.677178
0 0.475173 0.522622 0.114380 0.709084
0 0.661932 0.529226 0.099748 0.698606
0 0.747860 0.522294 0.097569 0.707885
0 0.840473 0.525184 0.117469 0.709271
