3 0.409375 0.4359375 0.11953125 0.2578125
3 0.653125 0.39375 0.1140625 0.2234375
2 0.4796875 0.2546875 0.05625 0.07734375
1 0.6671875 0.22578125 0.071875 0.1125
0 0.190611 0.529740 0.196682 0.535431
0 0.749947 0.480279 0.128524 0.520151
0 0.962916 0.538087 0.073578 0.663725
0 0.653306 0.486251 0.131998 0.609867
0 0.414059 0.524946 0.151742 0.634238
0 0.490613 0.468864 0.098605 0.502319
0 0.571406 0.475914 0.083275 0.498774
0 0.210276 0.299162 0.055600 0.176823
0 0.348882 0.481438 0.109927 0.574457
