1 0.4015625 0.23046875 0.115625 0.22421875
2 0.5734375 0.2859375 0.09921875 0.2078125
0 0.135396 0.471488 0.092447 0.354791
0 0.043514 0.454542 0.087027 0.363929
0 0.601163 0.443737 0.248090 0.521843
0 0.356335 0.482992 0.278518 0.748612
0 0.948977 0.500682 0.101621 0.593285
0 0.871437 0.462633 0.149673 0.569780
0 0.910067 0.437000 0.087121 0.523378
0 0.459950 0.316147 0.081503 0.217384
0 0.802185 0.441683 0.058421 0.370774
0 0.761123 0.357370 0.031956 0.138438
0 0.514434 0.352279 0.082082 0.336521
0 0.846047 0.475920 0.090105 0.426920
0 0.893228 0.422426 0.114077 0.497021
