1 0.15234375 0.35546875 0.04453125 0.06953125
0 0.839910 0.588289 0.134512 0.655006
0 0.155314 0.511115 0.098996 0.377314
0 0.382328 0.448098 0.061676 0.280825
0 0.608069 0.512329 0.071792 0.432941
0 0.458259 0.465672 0.084637 0.325063
0 0.439291 0.456706 0.058844 0.297471
0 0.563568 0.500782 0.077727 0.378583
0 0.470613 0.470818 0.067730 0.316320
0 0.734526 0.547662 0.128760 0.625021
0 0.625073 0.513855 0.083679 0.451138
0 0.522380 0.478619 0.068343 0.346424
0 0.538689 0.496413 0.092911 0.372344
