2 0.89765625 0.4765625 0.0984375 0.15390625
2 0.80703125 0.48984375 0.0859375 0.1390625
2 0.5015625 0.56328125 0.03671875 0.065625
2 0.4015625 0.54453125 0.0390625 0.06796875
0 0.305833 0.700961 0.086030 0.399866
0 0.792094 0.714765 0.139274 0.570470
0 0.503266 0.764539 0.092847 0.459573
0 0.395905 0.735166 0.102427 0.430380
0 0.660458 0.747520 0.103552 0.501850
0 0.882000 0.700746 0.205914 0.598507
0 0.593073 0.748298 0.106967 0.495478
0 0.970336 0.712907 0.058809 0.568738
0 0.638102 0.747487 0.083342 0.504840
0 0.452592 0.735059 0.070505 0.396857
0 0.732910 0.748693 0.080681 0.502614
0 0.968946 0.524892 0.061588 0.186475
