1 0.72890625 0.44921875 0.046875 0.07734375
1 0.1625 0.41953125 0.05078125 0.08046875
1 0.4921875 0.44375 0.028125 0.05234375
1 0.59921875 0.44296875 0.03515625 0.0609375
0 0.415424 0.573036 0.078668 0.302274
0 0.318149 0.563516 0.079040 0.338550
0 0.605532 0.601669 0.094082 0.376392
0 0.727400 0.628064 0.087291 0.429253
0 0.505920 0.578561 0.085110 0.308345
0 0.162754 0.612910 0.133964 0.469341
0 0.358000 0.547821 0.052692 0.292349
0 0.556485 0.591765 0.050326 0.317664
0 0.218169 0.557230 0.059328 0.387645
0 0.207292 0.563090 0.087998 0.372355
