2 0.1859375 0.25078125 0.07890625 0.1078125
2 0.62734375 0.27109375 0.0625 0.10234375
2 0.809375 0.23359375 0.08203125 0.11328125
3 0.18828125 0.44921875 0.18203125 0.28203125
3 0.81015625 0.41640625 0.17578125 0.246875
0 0.188753 0.573932 0.232871 0.761199
0 0.797269 0.578033 0.209761 0.798340
0 0.620506 0.545491 0.175207 0.637208
0 0.534710 0.438482 0.096855 0.402700
0 0.414438 0.431540 0.110082 0.397101
0 0.341603 0.410859 0.057385 0.280980
0 0.109458 0.360611 0.075061 0.232685
0 0.051682 0.409252 0.060915 0.320325
0 0.026249 0.445645 0.052498 0.397410
