2 0.1 0.2265625 0.06015625 0.1171875
2 0.57578125 0.225 0.05859375 0.1171875
3 0.3390625 0.35546875 0.12421875 0.19921875
3 0.903125 0.403125 0.13515625 0.22109375
1 0.73984375 0.22890625 0.053125 0.11328125
0 0.903209 0.569504 0.191190 0.758208
0 0.116657 0.535044 0.172149 0.735467
0 0.333594 0.498019 0.173844 0.670952
0 0.729604 0.494717 0.154627 0.620262
0 0.212903 0.416305 0.073017 0.369563
0 0.579658 0.516030 0.194151 0.698596
0 0.471175 0.501902 0.094312 0.554940
0 0.427674 0.412654 0.071425 0.394884
0 0.657416 0.433411 0.086199 0.424511
0 0.268261 0.404215 0.069778 0.343752
