2 0.2359375 0.3375 0.06328125 0.1
2 0.38359375 0.3296875 0.0625 0.1015625
2 0.64140625 0.38515625 0.04609375 0.090625
2 0.1140625 0.3640625 0.08046875 0.1328125
1 0.55546875 0.365625 0.04453125 0.0875
0 0.082547 0.644452 0.164374 0.711096
0 0.655336 0.647213 0.146474 0.615501
0 0.224392 0.640497 0.151592 0.709816
0 0.551925 0.610578 0.109908 0.566826
0 0.385064 0.634943 0.174681 0.711599
0 0.850820 0.673433 0.182694 0.652316
0 0.775012 0.585043 0.101130 0.499088
0 0.904441 0.499366 0.100416 0.377076
0 0.443660 0.643823 0.080355 0.573526
