3 0.259375 0.51640625 0.13203125 0.20625
3 0.4328125 0.5046875 0.128125 0.2546875
2 0.8421875 0.29765625 0.09140625 0.1515625
1 0.6625 0.36015625 0.053125 0.10859375
0 0.055826 0.634307 0.111423 0.731385
0 0.242260 0.651685 0.186931 0.696630
0 0.844665 0.636352 0.234090 0.724950
0 0.667612 0.627429 0.102246 0.622193
0 0.423609 0.632350 0.167375 0.735299
0 0.969167 0.639492 0.061227 0.711551
0 0.211825 0.400434 0.076375 0.162331
0 0.755381 0.637695 0.091068 0.663010
0 0.591045 0.635117 0.137333 0.729766
0 0.519718 0.618250 0.110796 0.722179
0 0.978824 0.822798 0.041811 0.354404
