2 0.42421875 0.30078125 0.06015625 0.12421875
2 0.5375 0.26171875 0.06640625 0.14140625
3 0.3078125 0.51640625 0.10625 0.20234375
3 0.8703125 0.4265625 0.18359375 0.3484375
0 0.865288 0.527525 0.210346 0.939437
0 0.418352 0.615977 0.140583 0.757895
0 0.568099 0.606304 0.157411 0.787392
0 0.313567 0.644637 0.120559 0.666699
0 0.112091 0.646457 0.080063 0.465388
0 0.177598 0.628555 0.093477 0.513636
0 0.050842 0.635736 0.040066 0.155741
0 0.657325 0.630183 0.061790 0.299885
0 0.019991 0.601766 0.039981 0.572439
