3 0.8625 0.5171875 0.07265625 0.1515625
3 0.95078125 0.4828125 0.0484375 0.11171875
3 0.38203125 0.5171875 0.06953125 0.1828125
3 0.28984375 0.51015625 0.06953125 0.17265625
0 0.290492 0.564368 0.086841 0.420491
0 0.862164 0.582167 0.080943 0.419198
0 0.202039 0.636052 0.090704 0.489114
0 0.554680 0.559568 0.107813 0.380372
0 0.382377 0.601310 0.090503 0.509550
0 0.456533 0.576536 0.089827 0.403076
0 0.661647 0.608040 0.111701 0.526251
0 0.947705 0.522687 0.055188 0.290163
0 0.730757 0.545646 0.073903 0.358961
