3 0.43984375 0.5734375 0.1234375 0.24140625
3 0.2734375 0.496875 0.03984375 0.09609375
1 0.4515625 0.38671875 0.06015625 0.10546875
1 0.13828125 0.38828125 0.04453125 0.05859375
3 0.04453125 0.50078125 0.0515625 0.11328125
1 0.04609375 0.41484375 0.0359375 0.0546875
0 0.437292 0.664691 0.147320 0.608747
0 0.145783 0.552202 0.093581 0.368917
0 0.720532 0.507533 0.056311 0.212504
0 0.862526 0.502894 0.061119 0.216321
0 0.575345 0.518645 0.069423 0.225391
0 0.051183 0.555431 0.067859 0.305776
0 0.979436 0.518012 0.040528 0.216791
0 0.277514 0.528186 0.055072 0.249880
0 0.918707 0.503546 0.051385 0.213473
0 0.633553 0.504611 0.054912 0.183919
0 0.358083 0.532654 0.059888 0.255960
0 0.951500 0.513809 0.055232 0.216236
0 0.348729 0.527369 0.044051 0.257306
0 0.303014 0.491226 0.044109 0.176019
0 0.613934 0.501017 0.036783 0.186724
