3 0.6609375 0.71015625 0.06328125 0.1671875
3 0.85 0.7078125 0.04765625 0.146875
3 0.9171875 0.69453125 0.046875 0.12421875
3 0.296875 0.696875 0.05078125 0.13515625
1 0.646875 0.59609375 0.0390625 0.0546875
1 0.296875 0.59375 0.03359375 0.0609375
1 0.3875 0.61015625 0.0265625 0.05390625
1 0.83515625 0.59453125 0.03671875 0.06796875
1 0.9078125 0.60234375 0.03984375 0.05234375
0 0.649885 0.764447 0.108599 0.390254
0 0.828911 0.764832 0.116674 0.410235
0 0.536632 0.716056 0.045321 0.233268
0 0.464590 0.722465 0.053042 0.245239
0 0.302223 0.755547 0.077248 0.380581
0 0.061582 0.796989 0.102513 0.405243
0 0.923383 0.755609 0.076023 0.367576
0 0.762452 0.734541 0.065629 0.301414
0 0.393867 0.727107 0.081658 0.291273
0 0.959056 0.739440 0.076085 0.369730
0 0.218987 0.757481 0.071331 0.362139
0 0.383366 0.750666 0.106403 0.333060
0 0.712917 0.732270 0.051230 0.255088
0 0.594137 0.718053 0.074446 0.244578
0 0.172774 0.763538 0.069254 0.379382
0 0.187590 0.773792 0.084341 0.388823
0 0.576430 0.717039 0.050433 0.244533
