2 0.13125 0.5671875 0.03671875 0.05546875
2 0.11640625 0.10390625 0.0359375 0.0484375
3 0.35078125 0.50859375 0.0625 0.1015625
2 0.34296875 0.42734375 0.03125 0.0515625
2 0.63828125 0.38828125 0.0390625 0.046875
2 0.54609375 0.58828125 0.03671875 0.05859375
3 0.23125 0.57109375 0.065625 0.0984375
3 0.76015625 0.88828125 0.06640625 0.1109375
3 0.6375 0.64765625 0.05625 0.11015625
1 0.6171875 0.55625 0.0421875 0.05859375
1 0.69453125 0.47890625 0.040625 0.05703125
1 0.165625 0.72265625 0.040625 0.06484375
1 0.83046875 0.340625 0.0390625 0.065625
2 0.87421875 0.2203125 0.03125 0.0546875
0 0.351046 0.560458 0.121852 0.313722
0 0.238561 0.633592 0.105775 0.342160
0 0.150829 0.233406 0.124772 0.307237
0 0.759133 0.888843 0.100397 0.222292
0 0.163565 0.832938 0.085008 0.293265
0 0.561151 0.709749 0.121148 0.295490
0 0.799369 0.551515 0.094374 0.323210
0 0.536650 0.467697 0.094780 0.201669
0 0.633100 0.685663 0.080980 0.315595
0 0.649199 0.485258 0.078552 0.223728
0 0.140984 0.698505 0.075164 0.316747
0 0.967804 0.636716 0.063820 0.297506
0 0.387486 0.371671 0.057197 0.233640
0 0.906782 0.578897 0.082484 0.376954
0 0.863385 0.110109 0.083381 0.219318
0 0.738941 0.653130 0.074949 0.271145
0 0.694080 0.610160 0.062828 0.317470
0 0.011954 0.925505 0.023526 0.148579
0 0.914747 0.299298 0.055579 0.150329
