4 0.1078125 0.58359375 0.12734375 0.2078125
4 0.2171875 0.615625 0.09609375 0.1984375
4 0.32109375 0.603125 0.10546875 0.19296875
4 0.43828125 0.5828125 0.125 0.18359375
4 0.93125 0.56171875 0.1375 0.2265625
2 0.13125 0.434375 0.08515625 0.09296875
2 0.4296875 0.45 0.06171875 0.0859375
2 0.91328125 0.4140625 0.0703125 0.07578125
0 0.448148 0.685631 0.182741 0.563372
0 0.912183 0.675049 0.174852 0.597981
0 0.106029 0.695743 0.153590 0.608513
0 0.315815 0.706534 0.128065 0.558963
0 0.220428 0.711673 0.130127 0.554110
