2 0.1265625 0.2640625 0.10078125 0.16328125
2 0.33359375 0.3703125 0.0796875 0.128125
2 0.4515625 0.31328125 0.08359375 0.14765625
2 0.63046875 0.340625 0.0765625 0.11953125
2 0.8875 0.22578125 0.09609375 0.15625
3 0.1046875 0.53828125 0.18984375 0.415625
3 0.31875 0.609375 0.1359375 0.334375
3 0.4609375 0.56640625 0.15859375 0.35703125
3 0.640625 0.5828125 0.16328125 0.3453125
3 0.89765625 0.4984375 0.18671875 0.3984375
0 0.105991 0.584493 0.211254 0.827278
0 0.643630 0.640901 0.179870 0.718198
0 0.877299 0.568951 0.228279 0.853165
0 0.309389 0.651581 0.172761 0.696838
0 0.468005 0.620656 0.204786 0.758687
