3 0.19765625 0.70546875 0.303125 0.52890625
3 0.446875 0.77265625 0.2328125 0.440625
3 0.8296875 0.725 0.30234375 0.5125
3 0.6359375 0.7796875 0.22265625 0.4125
2 0.20390625 0.303125 0.1484375 0.225
2 0.440625 0.39453125 0.12578125 0.20703125
2 0.625 0.43984375 0.1125 0.18515625
2 0.81015625 0.30546875 0.14375 0.2203125
0 0.191971 0.596046 0.316700 0.803360
0 0.828889 0.596553 0.316914 0.804677
0 0.435125 0.645725 0.260996 0.707971
0 0.647208 0.672437 0.316284 0.652291
0 0.625489 0.659406 0.439540 0.679241
