2 0.8421875 0.125 0.09375 0.109375
2 0.6359375 0.13828125 0.0828125 0.0984375
2 0.4765625 0.13828125 0.08671875 0.0984375
2 0.28984375 0.14453125 0.090625 0.10703125
2 0.13359375 0.175 0.103125 0.11015625
2 0.45 0.28125 0.10078125 0.1265625
2 0.70703125 0.225 0.09375 0.12421875
0 0.131736 0.417590 0.254791 0.604148
0 0.694045 0.457195 0.264711 0.593195
0 0.867464 0.415676 0.256503 0.701267
0 0.433482 0.431384 0.267579 0.432138
0 0.274707 0.321939 0.184328 0.456205
0 0.452693 0.213618 0.166559 0.244054
0 0.597317 0.243740 0.162002 0.307195
0 0.905246 0.465320 0.177814 0.537294
