2 0.10546875 0.2390625 0.15078125 0.21640625
2 0.28125 0.325 0.1015625 0.20625
2 0.50078125 0.21875 0.103125 0.20234375
2 0.6765625 0.265625 0.12109375 0.19765625
2 0.8671875 0.1578125 0.11171875 0.2203125
3 0.1015625 0.56015625 0.1921875 0.38359375
3 0.2796875 0.615625 0.16328125 0.35859375
3 0.4703125 0.52890625 0.21875 0.4375
3 0.8734375 0.44375 0.22109375 0.3609375
0 0.278117 0.611991 0.185960 0.776018
0 0.467532 0.577531 0.231212 0.843159
0 0.102202 0.570010 0.204233 0.858436
0 0.867419 0.578798 0.221264 0.842403
0 0.681721 0.589484 0.185408 0.821033
