2 0.1671875 0.26015625 0.09453125 0.17890625
2 0.29609375 0.2625 0.109375 0.190625
2 0.41015625 0.2765625 0.1203125 0.19296875
2 0.54453125 0.2375 0.11171875 0.2015625
2 0.6828125 0.26796875 0.1 0.16796875
2 0.79921875 0.2515625 0.1234375 0.21328125
2 0.92578125 0.21953125 0.1140625 0.19375
3 0.5484375 0.4890625 0.2578125 0.2796875
3 0.1125 0.575 0.21640625 0.51171875
3 0.3015625 0.615625 0.2171875 0.48046875
0 0.115796 0.533176 0.230714 0.926738
0 0.546867 0.577223 0.285610 0.845555
0 0.778337 0.572017 0.262361 0.853261
0 0.920850 0.563278 0.157806 0.871720
0 0.301028 0.594008 0.230847 0.810343
0 0.164945 0.281990 0.100183 0.210503
0 0.398068 0.588066 0.161631 0.802271
0 0.937295 0.832238 0.123962 0.334445
0 0.690915 0.344665 0.127164 0.308043
