2 0.3015625 0.1671875 0.0671875 0.121875
2 0.44453125 0.1515625 0.06171875 0.125
2 0.5796875 0.1734375 0.06640625 0.10625
2 0.73359375 0.16875 0.0640625 0.13125
2 0.88671875 0.1828125 0.06171875 0.121875
2 0.13828125 0.18125 0.06484375 0.11875
3 0.1390625 0.37265625 0.16796875 0.22109375
3 0.2921875 0.3390625 0.1390625 0.19765625
3 0.44140625 0.3421875 0.153125 0.22890625
3 0.73046875 0.36484375 0.17421875 0.240625
0 0.134752 0.462022 0.221879 0.672518
0 0.902463 0.461645 0.180157 0.673079
0 0.303140 0.451081 0.155224 0.685528
0 0.448317 0.456858 0.179033 0.723938
0 0.584552 0.362770 0.158332 0.485832
0 0.735799 0.456080 0.202832 0.708444
