2 0.11875 0.26015625 0.096875 0.15859375
2 0.225 0.165625 0.08984375 0.1421875
2 0.33203125 0.296875 0.0875 0.15625
2 0.484375 0.2640625 0.09765625 0.14921875
2 0.65625 0.24609375 0.0875 0.14296875
2 0.7546875 0.2234375 0.08125 0.1640625
2 0.86796875 0.25703125 0.12109375 0.18203125
3 0.10546875 0.496875 0.17734375 0.28515625
3 0.33359375 0.51015625 0.18046875 0.271875
3 0.490625 0.48125 0.153125 0.278125
3 0.65078125 0.4515625 0.20390625 0.290625
3 0.88046875 0.49375 0.21328125 0.275
0 0.870959 0.586928 0.256760 0.826144
0 0.321954 0.613416 0.214022 0.771956
0 0.111318 0.589871 0.195821 0.815616
0 0.649303 0.589491 0.223269 0.819001
0 0.481642 0.599364 0.157754 0.800149
0 0.763575 0.543864 0.149054 0.805269
0 0.234215 0.288964 0.137518 0.389469
