4 0.18828125 0.5078125 0.140625 0.26484375
4 0.35546875 0.4078125 0.1265625 0.2578125
4 0.3234375 0.81171875 0.13125 0.2875
4 0.4734375 0.80546875 0.1453125 0.29765625
4 0.6109375 0.46875 0.11875 0.29140625
0 0.276164 0.775870 0.214431 0.447231
0 0.481890 0.760035 0.188078 0.478806
0 0.191023 0.532147 0.169325 0.572958
0 0.358635 0.445353 0.202873 0.538823
0 0.606134 0.587486 0.185711 0.821850
0 0.724845 0.626432 0.168289 0.747135
0 0.303777 0.161472 0.138996 0.319835
0 0.665102 0.616262 0.287284 0.767477
