2 0.709375 0.36484375 0.06640625 0.11328125
2 0.2828125 0.359375 0.0421875 0.08046875
2 0.178125 0.36328125 0.03984375 0.065625
2 0.0984375 0.33984375 0.0734375 0.10546875
1 0.43203125 0.30859375 0.0671875 0.11796875
1 0.62109375 0.3828125 0.0546875 0.0765625
0 0.821617 0.604734 0.269157 0.784770
0 0.124844 0.643575 0.193010 0.712850
0 0.271405 0.506662 0.123520 0.375428
0 0.620714 0.590762 0.098462 0.499848
0 0.422593 0.514955 0.152923 0.532408
0 0.494070 0.590326 0.105768 0.492333
0 0.699792 0.645945 0.139942 0.687621
0 0.028509 0.531255 0.057019 0.478438
0 0.015793 0.538842 0.031441 0.501975
