1 0.04921875 0.57421875 0.0921875 0.13828125
1 0.33203125 0.584375 0.0796875 0.14296875
1 0.915625 0.54609375 0.0859375 0.15546875
1 0.7625 0.434375 0.0625 0.10546875
0 0.068535 0.741365 0.137070 0.479819
0 0.723086 0.729710 0.412689 0.539613
0 0.415434 0.746395 0.106658 0.507209
0 0.327658 0.758146 0.156552 0.482267
0 0.499599 0.709298 0.093529 0.577937
0 0.892857 0.734070 0.163298 0.526659
0 0.204550 0.720288 0.147107 0.546196
0 0.294219 0.760635 0.217071 0.477914
0 0.579888 0.682953 0.132005 0.547871
0 0.235710 0.768752 0.122746 0.462497
0 0.768843 0.510832 0.081481 0.259529
