1 0.41953125 0.43828125 0.04609375 0.109375
1 0.26171875 0.4828125 0.05625 0.09453125
3 0.63203125 0.57109375 0.0796875 0.15625
3 0.41953125 0.5765625 0.09609375 0.1578125
3 0.82890625 0.578125 0.09765625 0.21875
0 0.412760 0.692482 0.143108 0.610603
0 0.272520 0.714862 0.114164 0.558828
0 0.635085 0.679279 0.131547 0.576317
0 0.823404 0.665247 0.134783 0.642389
0 0.917331 0.653782 0.113200 0.533770
0 0.199147 0.671506 0.094193 0.471054
0 0.569181 0.609466 0.061614 0.322833
0 0.736838 0.609403 0.087858 0.374275
0 0.683419 0.599447 0.074912 0.410702
