1 0.2828125 0.23671875 0.1171875 0.2328125
4 0.46953125 0.3359375 0.1234375 0.15546875
1 0.4671875 0.21015625 0.05 0.11875
4 0.6046875 0.6859375 0.128125 0.3109375
4 0.72734375 0.78046875 0.1859375 0.42265625
1 0.49921875 0.49296875 0.0765625 0.153125
0 0.467484 0.401964 0.195055 0.500058
0 0.494507 0.704172 0.120000 0.578040
0 0.234116 0.363162 0.398872 0.482465
0 0.599198 0.657277 0.148183 0.685447
0 0.467087 0.522368 0.195881 0.738709
0 0.235181 0.559290 0.444297 0.870171
0 0.876187 0.782842 0.244986 0.433525
0 0.721522 0.647016 0.361068 0.705967
0 0.915036 0.775178 0.169361 0.448556
