3 0.09140625 0.725 0.12265625 0.21640625
3 0.30859375 0.71875 0.08671875 0.17421875
3 0.5421875 0.84375 0.10078125 0.28984375
3 0.66875 0.82265625 0.1171875 0.265625
0 0.082123 0.759766 0.163702 0.479908
0 0.803918 0.786097 0.190412 0.426967
0 0.226939 0.725726 0.100432 0.367744
0 0.301391 0.774609 0.118202 0.445667
0 0.534400 0.774481 0.161008 0.449028
0 0.426950 0.778843 0.111210 0.440542
0 0.664293 0.765893 0.132034 0.466257
0 0.942089 0.777875 0.115345 0.441762
0 0.794127 0.567988 0.072534 0.082207
