4 0.90703125 0.39765625 0.0796875 0.15
4 0.77421875 0.43828125 0.08046875 0.221875
4 0.15390625 0.57265625 0.07578125 0.259375
4 0.35234375 0.48203125 0.0703125 0.1375
4 0.43515625 0.465625 0.0546875 0.1703125
4 0.52109375 0.434375 0.05078125 0.1453125
0 0.917070 0.471153 0.110691 0.454993
0 0.182122 0.654334 0.135903 0.634620
0 0.748038 0.522583 0.134193 0.594668
0 0.369353 0.550825 0.104353 0.443143
0 0.518892 0.479606 0.065647 0.363605
0 0.439545 0.517612 0.104141 0.412723
0 0.528844 0.499564 0.067794 0.315112
