1 0.24921875 0.4484375 0.05625 0.09296875
0 0.417179 0.661057 0.136955 0.535907
0 0.867564 0.610508 0.099911 0.404561
0 0.214633 0.672349 0.163714 0.545854
0 0.647516 0.643788 0.094928 0.440153
0 0.743516 0.587744 0.078113 0.338800
0 0.071200 0.511247 0.071864 0.302508
0 0.303917 0.625162 0.087703 0.390685
0 0.044902 0.673059 0.089805 0.649763
0 0.799855 0.552215 0.054068 0.212193
0 0.562122 0.574600 0.092770 0.344106
0 0.576738 0.556706 0.062335 0.310069
0 0.162443 0.601108 0.102184 0.404467
0 0.538216 0.576464 0.052782 0.327798
