2 0.303125 0.24453125 0.08984375 0.153125
2 0.115625 0.3171875 0.084375 0.13515625
2 0.58515625 0.28828125 0.05234375 0.0984375
1 0.753125 0.4890625 0.0921875 0.1546875
3 0.47109375 0.48515625 0.12578125 0.2546875
0 0.080778 0.626502 0.161525 0.746103
0 0.468923 0.614112 0.157564 0.717384
0 0.611180 0.562023 0.157428 0.648252
0 0.318617 0.636318 0.282713 0.724385
0 0.744932 0.519788 0.127451 0.576741
0 0.966840 0.583968 0.065888 0.267794
0 0.879489 0.605403 0.237003 0.481464
0 0.828933 0.375930 0.061740 0.105449
0 0.743585 0.409857 0.126904 0.362132
