2 0.53046875 0.6265625 0.04453125 0.06875
2 0.51953125 0.52734375 0.02109375 0.040625
2 0.29140625 0.55859375 0.0296875 0.05703125
0 0.315068 0.821990 0.122876 0.353525
0 0.873002 0.796563 0.135627 0.405787
0 0.169219 0.809096 0.136185 0.379792
0 0.433728 0.843461 0.120287 0.312591
0 0.678836 0.892537 0.180531 0.212748
0 0.526764 0.714614 0.107764 0.247339
0 0.527247 0.589624 0.074110 0.161565
0 0.057657 0.909260 0.114954 0.180640
0 0.429593 0.565802 0.055516 0.140747
0 0.278912 0.659650 0.073293 0.257464
0 0.638148 0.661178 0.082124 0.262241
0 0.753596 0.777085 0.073274 0.412751
0 0.960996 0.681437 0.055475 0.257386
0 0.054079 0.697060 0.094680 0.136063
0 0.058220 0.867346 0.116441 0.263787
0 0.687319 0.753734 0.107845 0.339979
0 0.423360 0.695791 0.088485 0.252889
0 0.533884 0.907341 0.129431 0.184422
0 0.050748 0.596289 0.094378 0.156628
0 0.142776 0.595337 0.049130 0.193841
