1 0.440625 0.42421875 0.06171875 0.10234375
1 0.28203125 0.41640625 0.0359375 0.08046875
0 0.942748 0.641652 0.114288 0.714405
0 0.625586 0.660141 0.174822 0.518738
0 0.196616 0.588314 0.096047 0.357849
0 0.438282 0.689378 0.151367 0.613650
0 0.778939 0.711667 0.119377 0.558755
0 0.106121 0.581312 0.086881 0.314872
0 0.275399 0.585015 0.084460 0.402392
0 0.850772 0.646150 0.096551 0.394748
0 0.021491 0.562657 0.042769 0.266938
0 0.499054 0.581085 0.069638 0.401162
0 0.850023 0.671813 0.063849 0.345694
0 0.057633 0.568607 0.054588 0.265854
0 0.337153 0.531565 0.042886 0.206521
0 0.499115 0.510770 0.064599 0.256349
0 0.392583 0.549999 0.058259 0.291147
