1 0.54765625 0.2171875 0.084375 0.13046875
1 0.23671875 0.284375 0.04921875 0.0828125
3 0.565625 0.51015625 0.14375 0.375
3 0.384375 0.4015625 0.06875 0.1515625
0 0.552982 0.576329 0.175531 0.845387
0 0.384080 0.475052 0.099986 0.446142
0 0.928271 0.517055 0.135949 0.496646
0 0.224239 0.500796 0.116414 0.522858
0 0.742594 0.566226 0.190874 0.693762
0 0.477457 0.466906 0.080694 0.386784
0 0.837069 0.518448 0.076786 0.498032
0 0.316739 0.465130 0.064238 0.336836
0 0.638048 0.499674 0.091870 0.477108
0 0.647552 0.540442 0.073836 0.578075
0 0.822883 0.510413 0.091944 0.497297
0 0.802890 0.503799 0.087342 0.497225
0 0.334743 0.464082 0.050082 0.331861
0 0.292383 0.491792 0.068645 0.398714
