3 0.4859375 0.665625 0.1421875 0.278125
3 0.6171875 0.63984375 0.11171875 0.21015625
0 0.488185 0.699477 0.157300 0.600966
0 0.875685 0.739147 0.122303 0.505938
0 0.789526 0.718019 0.179205 0.563453
0 0.614299 0.710655 0.122779 0.577645
0 0.208309 0.726079 0.181930 0.545301
0 0.372213 0.745026 0.141875 0.509949
0 0.050151 0.748262 0.100289 0.496587
0 0.546666 0.528418 0.044333 0.097767
0 0.314379 0.742385 0.117008 0.514340
0 0.131992 0.751648 0.093053 0.489011
0 0.708838 0.722729 0.106154 0.541338
