3 0.39453125 0.64453125 0.059375 0.14453125
2 0.3953125 0.54375 0.0265625 0.06640625
2 0.478125 0.53671875 0.03046875 0.0734375
1 0.5671875 0.55703125 0.034375 0.0703125
3 0.56796875 0.66796875 0.06484375 0.153125
3 0.4734375 0.64921875 0.065625 0.15703125
0 0.471220 0.701011 0.084560 0.387829
0 0.572714 0.711114 0.090422 0.368116
0 0.274240 0.645627 0.063169 0.254807
0 0.348450 0.644584 0.051248 0.229908
0 0.237796 0.649292 0.060879 0.262501
0 0.398673 0.722115 0.076301 0.374579
0 0.607624 0.689325 0.055511 0.361465
