1 0.53828125 0.39375 0.0953125 0.11875
1 0.39609375 0.371875 0.08359375 0.09921875
0 0.619150 0.468551 0.123136 0.366416
0 0.693611 0.450326 0.116845 0.352622
0 0.789995 0.473391 0.149241 0.372074
0 0.085214 0.371064 0.061201 0.172904
0 0.075948 0.541298 0.151896 0.369646
0 0.755177 0.329452 0.070167 0.110292
0 0.284406 0.685863 0.263066 0.372702
0 0.883971 0.389979 0.109308 0.186714
0 0.075870 0.638153 0.151739 0.562659
0 0.644497 0.322934 0.061559 0.144906
0 0.176401 0.448044 0.103742 0.244677
0 0.543768 0.549826 0.180565 0.422837
