1 0.67890625 0.41171875 0.08359375 0.134375
2 0.796875 0.48359375 0.0828125 0.1390625
1 0.5421875 0.4140625 0.07265625 0.10703125
0 0.869617 0.704665 0.183880 0.589576
0 0.421855 0.674060 0.201360 0.623560
0 0.780340 0.706970 0.134797 0.586061
0 0.160180 0.676966 0.150869 0.642759
0 0.950086 0.713766 0.099204 0.570195
0 0.666831 0.678089 0.123265 0.641464
0 0.073581 0.656738 0.147132 0.680976
0 0.587059 0.690624 0.112199 0.579766
0 0.258667 0.672579 0.137762 0.654843
0 0.197106 0.391352 0.049864 0.096521
0 0.926727 0.472688 0.089085 0.249627
0 0.119021 0.665395 0.236281 0.667652
0 0.297691 0.676401 0.175309 0.647198
