2 0.20546875 0.209375 0.059375 0.09140625
2 0.34609375 0.24296875 0.05 0.08828125
2 0.44765625 0.29296875 0.04921875 0.0765625
1 0.55859375 0.253125 0.05859375 0.078125
0 0.552309 0.458437 0.109625 0.490040
0 0.329869 0.497815 0.129927 0.602228
0 0.202279 0.509871 0.148032 0.684033
0 0.717188 0.530928 0.139290 0.624421
0 0.458221 0.519373 0.130686 0.532008
0 0.643839 0.454664 0.106676 0.532398
0 0.399841 0.301270 0.057609 0.139493
0 0.126313 0.316835 0.027524 0.135299
0 0.126564 0.293172 0.027070 0.106890
0 0.271196 0.285915 0.040110 0.084445
