4 0.3203125 0.78671875 0.14296875 0.27578125
4 0.75625 0.70625 0.08359375 0.21875
4 0.6359375 0.77109375 0.11875 0.27578125
1 0.325 0.56171875 0.0671875 0.14140625
1 0.61796875 0.56640625 0.08125 0.128125
0 0.622676 0.752796 0.148298 0.494408
0 0.916810 0.772024 0.103394 0.455953
0 0.751740 0.766880 0.114828 0.465878
0 0.438278 0.767117 0.137733 0.465766
0 0.210014 0.749599 0.133318 0.497230
0 0.319879 0.744417 0.158982 0.509615
0 0.060902 0.669354 0.067438 0.227311
0 0.823212 0.774748 0.082320 0.448742
0 0.550842 0.767985 0.088109 0.457049
0 0.039248 0.709792 0.078496 0.576042
