4 0.440625 0.74296875 0.10234375 0.22734375
4 0.25859375 0.7609375 0.096875 0.2296875
4 0.13046875 0.74453125 0.1125 0.2203125
4 0.83203125 0.74296875 0.1078125 0.203125
4 0.659375 0.778125 0.11171875 0.2296875
0 0.446519 0.764742 0.130906 0.470325
0 0.829265 0.781641 0.140416 0.435620
0 0.119067 0.768957 0.174658 0.461187
0 0.663980 0.777713 0.151116 0.443217
0 0.032584 0.772680 0.064480 0.450922
0 0.909505 0.695723 0.078100 0.282187
0 0.277136 0.783986 0.134481 0.422441
0 0.543457 0.723925 0.053779 0.295565
0 0.067207 0.637950 0.084550 0.192600
0 0.593790 0.724715 0.059755 0.255192
0 0.588517 0.758820 0.067942 0.323440
0 0.331044 0.650992 0.047858 0.179104
0 0.187768 0.669871 0.051636 0.174144
