3 0.35859375 0.29140625 0.053125 0.11796875
3 0.69609375 0.25 0.046875 0.1234375
2 0.4421875 0.2015625 0.02734375 0.04609375
2 0.5328125 0.1953125 0.0328125 0.05078125
2 0.69453125 0.16015625 0.0296875 0.05234375
2 0.81875 0.11953125 0.040625 0.0609375
3 0.93125 0.21640625 0.09375 0.1984375
0 0.351379 0.335840 0.111154 0.280656
0 0.929462 0.300958 0.098965 0.498993
0 0.544409 0.340610 0.079068 0.340886
0 0.451287 0.334865 0.062592 0.304097
0 0.692570 0.304032 0.060673 0.334650
0 0.816489 0.297167 0.073285 0.414630
0 0.787493 0.303520 0.069560 0.375796
