2 0.25 0.2265625 0.0796875 0.146875
2 0.32890625 0.23515625 0.06953125 0.11328125
1 0.60390625 0.534375 0.10078125 0.18515625
1 0.30625 0.47109375 0.09609375 0.12109375
2 0.82578125 0.17890625 0.053125 0.09609375
2 0.75625 0.27109375 0.084375 0.18359375
0 0.776617 0.596981 0.227121 0.802188
0 0.356177 0.573239 0.169622 0.792121
0 0.570474 0.488886 0.179404 0.555008
0 0.201609 0.575915 0.246945 0.840978
0 0.090444 0.387430 0.056442 0.248439
0 0.841078 0.311486 0.106366 0.358408
0 0.538841 0.492181 0.105928 0.526866
0 0.691894 0.348240 0.080660 0.338250
0 0.876258 0.241349 0.043531 0.074622
