1 0.35 0.434375 0.05625 0.1078125
1 0.5125 0.39296875 0.084375 0.1421875
1 0.43046875 0.43828125 0.0671875 0.10859375
1 0.34609375 0.35078125 0.04375 0.06171875
1 0.784375 0.40546875 0.07578125 0.12578125
0 0.929815 0.685978 0.139623 0.626155
0 0.770694 0.718144 0.211273 0.563711
0 0.525517 0.661421 0.147388 0.677158
0 0.677096 0.680764 0.140703 0.638472
0 0.420413 0.684250 0.090488 0.597333
0 0.188716 0.699682 0.151281 0.572653
0 0.853491 0.496166 0.103525 0.314261
0 0.335126 0.671351 0.141982 0.578760
0 0.054432 0.591993 0.068883 0.360597
0 0.618416 0.495704 0.072573 0.253491
0 0.114315 0.660551 0.091011 0.542446
0 0.284558 0.493697 0.069130 0.182106
0 0.285156 0.669376 0.065830 0.527344
0 0.781311 0.413018 0.078808 0.132093
