2 0.85 0.59765625 0.0484375 0.08671875
2 0.16484375 0.571875 0.05 0.09453125
2 0.24296875 0.55703125 0.04453125 0.0859375
2 0.74296875 0.56328125 0.0453125 0.08359375
0 0.857918 0.775960 0.117846 0.446446
0 0.139029 0.763616 0.143209 0.472390
0 0.319605 0.798928 0.108187 0.402144
0 0.719056 0.817236 0.132743 0.364874
0 0.425209 0.775162 0.124719 0.449676
0 0.611592 0.819782 0.132068 0.358886
0 0.507213 0.809097 0.096920 0.381806
0 0.236749 0.800377 0.116377 0.398666
0 0.247358 0.599475 0.107105 0.169564
0 0.501837 0.611156 0.082904 0.150706
