1 0.4015625 0.30546875 0.0640625 0.12578125
1 0.57265625 0.32421875 0.0765625 0.15078125
3 0.31796875 0.55546875 0.140625 0.27265625
3 0.83046875 0.5203125 0.15078125 0.23125
0 0.477500 0.508124 0.143133 0.538759
0 0.833738 0.570853 0.164829 0.585439
0 0.319943 0.531752 0.189877 0.522003
0 0.606779 0.515023 0.153459 0.532168
0 0.952421 0.541742 0.094793 0.614600
0 0.690423 0.528617 0.110083 0.507430
0 0.086417 0.547603 0.154703 0.563326
0 0.175708 0.533784 0.103746 0.576518
0 0.395768 0.394474 0.109861 0.304612
0 0.753281 0.516859 0.086801 0.503104
