3 0.3875 0.56953125 0.0625 0.109375
3 0.8125 0.5890625 0.06796875 0.1046875
2 0.32734375 0.51015625 0.025 0.0453125
2 0.65078125 0.5 0.0296875 0.04921875
2 0.90703125 0.49609375 0.02265625 0.034375
0 0.377929 0.650513 0.097559 0.361601
0 0.804810 0.665701 0.089778 0.369178
0 0.903005 0.599279 0.055991 0.237106
0 0.321806 0.631408 0.070544 0.289941
0 0.594575 0.669874 0.101437 0.397826
0 0.652447 0.646236 0.071454 0.335814
0 0.727985 0.619662 0.060678 0.238471
0 0.443246 0.614487 0.063264 0.264762
