3 0.31328125 0.5484375 0.07734375 0.18359375
3 0.46171875 0.53984375 0.0828125 0.16953125
1 0.315625 0.40234375 0.04140625 0.1046875
1 0.1328125 0.38515625 0.0703125 0.13671875
0 0.850505 0.729349 0.099996 0.541302
0 0.313160 0.657398 0.101204 0.600536
0 0.683516 0.679208 0.104933 0.536769
0 0.119581 0.659040 0.116208 0.676627
0 0.036607 0.652628 0.073150 0.688050
0 0.599542 0.653743 0.089144 0.473022
0 0.462578 0.642707 0.108120 0.507395
0 0.188977 0.684853 0.089715 0.591282
0 0.526197 0.640320 0.076833 0.497722
0 0.736022 0.535823 0.089470 0.275604
