1 0.39609375 0.31796875 0.05859375 0.10390625
1 0.86015625 0.303125 0.053125 0.0921875
1 0.9578125 0.325 0.0546875 0.0796875
1 0.11953125 0.26796875 0.0515625 0.090625
0 0.937090 0.526181 0.125185 0.475138
0 0.262314 0.595777 0.161907 0.625921
0 0.408394 0.568152 0.151946 0.598712
0 0.669214 0.604825 0.184145 0.758744
0 0.781845 0.503111 0.128405 0.500773
0 0.115612 0.452104 0.100020 0.446339
0 0.568736 0.602518 0.142882 0.661508
0 0.591205 0.317970 0.084359 0.126130
0 0.294767 0.308141 0.127418 0.184087
0 0.847863 0.497273 0.073646 0.479775
0 0.453803 0.303304 0.129402 0.184995
0 0.164262 0.458633 0.116340 0.433343
0 0.557227 0.584597 0.099291 0.598712
0 0.164462 0.285279 0.048202 0.101157
0 0.725347 0.300582 0.078293 0.102493
