3 0.49296875 0.39765625 0.1796875 0.3328125
3 0.74609375 0.40625 0.16015625 0.33984375
2 0.32734375 0.1734375 0.0921875 0.1765625
2 0.14140625 0.21171875 0.07734375 0.11796875
0 0.142088 0.574116 0.168838 0.844976
0 0.305017 0.543933 0.198789 0.892756
0 0.749355 0.553565 0.220077 0.839730
0 0.498227 0.548450 0.204256 0.868813
0 0.040047 0.389003 0.079447 0.337226
0 0.860558 0.396241 0.105525 0.522526
0 0.597180 0.430361 0.134403 0.645465
0 0.677688 0.244410 0.065361 0.157821
0 0.204806 0.273998 0.059650 0.183416
0 0.247962 0.260934 0.075576 0.209051
