4 0.31875 0.41953125 0.096875 0.178125
4 0.5953125 0.4296875 0.1046875 0.171875
4 0.11875 0.4203125 0.11484375 0.1359375
4 0.71875 0.39609375 0.08359375 0.15390625
1 0.66796875 0.30234375 0.04765625 0.07421875
1 0.4984375 0.24296875 0.0390625 0.04921875
1 0.83046875 0.28125 0.03203125 0.0515625
2 0.5765625 0.321875 0.053125 0.04921875
0 0.556527 0.531776 0.196614 0.479389
0 0.312154 0.504614 0.184994 0.446754
0 0.708335 0.481217 0.138323 0.429906
0 0.110041 0.521376 0.143462 0.383626
0 0.820258 0.401158 0.080194 0.295566
0 0.899440 0.365520 0.094646 0.216928
