4 0.95625 0.553125 0.08671875 0.19609375
4 0.4453125 0.5359375 0.078125 0.1265625
4 0.6421875 0.62890625 0.11171875 0.234375
1 0.9734375 0.409375 0.05078125 0.0890625
1 0.640625 0.41328125 0.053125 0.09765625
1 0.57421875 0.46640625 0.065625 0.09765625
4 0.73125 0.503125 0.040625 0.08515625
0 0.932391 0.644141 0.133873 0.558222
0 0.435926 0.640078 0.106258 0.414920
0 0.832396 0.537052 0.053274 0.182955
0 0.618000 0.661287 0.172984 0.507198
0 0.729892 0.526307 0.053457 0.220924
0 0.885885 0.520227 0.050482 0.181041
0 0.207867 0.583947 0.044755 0.141995
