4 0.06640625 0.3890625 0.1296875 0.23515625
4 0.509375 0.4078125 0.07109375 0.13984375
4 0.88203125 0.37734375 0.12109375 0.1625
1 0.6265625 0.50390625 0.059375 0.08046875
1 0.12265625 0.25078125 0.0671875 0.109375
1 0.30390625 0.3296875 0.04375 0.0734375
1 0.49765625 0.29921875 0.03671875 0.078125
2 0.87734375 0.259375 0.05390625 0.0796875
1 0.3203125 0.45859375 0.05234375 0.09140625
1 0.25546875 0.46640625 0.05859375 0.0828125
0 0.078840 0.495486 0.157459 0.594431
0 0.896224 0.431803 0.152751 0.424733
0 0.509632 0.452428 0.080486 0.370568
0 0.900584 0.626377 0.197058 0.432114
0 0.293055 0.466689 0.086802 0.351866
0 0.623782 0.546071 0.105590 0.168475
0 0.706260 0.428809 0.035200 0.092685
0 0.223408 0.550349 0.129958 0.275404
0 0.806612 0.473987 0.044674 0.101220
