4 0.10859375 0.540625 0.0375 0.08671875
4 0.18984375 0.540625 0.03046875 0.07421875
3 0.25546875 0.5453125 0.02890625 0.0734375
3 0.415625 0.5359375 0.021875 0.06171875
1 0.19921875 0.4890625 0.01640625 0.02890625
2 0.2609375 0.48984375 0.0140625 0.02890625
1 0.6546875 0.459375 0.0125 0.0375
1 0.73203125 0.44765625 0.0171875 0.04375
0 0.099472 0.567676 0.061492 0.203740
0 0.252384 0.567577 0.045850 0.181615
0 0.730346 0.537538 0.041939 0.201780
0 0.186894 0.568533 0.057521 0.184418
0 0.415090 0.571622 0.042143 0.171812
0 0.648574 0.546311 0.049035 0.205618
