4 0.13515625 0.66875 0.21015625 0.5078125
4 0.29765625 0.4765625 0.171875 0.4171875
4 0.48671875 0.49765625 0.10546875 0.29296875
3 0.584375 0.5359375 0.090625 0.20390625
4 0.72421875 0.50703125 0.09765625 0.2296875
1 0.15234375 0.28125 0.10546875 0.19921875
1 0.31015625 0.153125 0.0859375 0.18671875
1 0.49765625 0.27109375 0.0609375 0.13984375
1 0.7203125 0.34296875 0.0546875 0.10625
0 0.139769 0.598138 0.243100 0.803724
0 0.327072 0.531784 0.237797 0.936432
0 0.804236 0.627907 0.098077 0.533709
0 0.714176 0.621356 0.134270 0.642624
0 0.499672 0.602198 0.125942 0.786713
0 0.596050 0.652518 0.116205 0.694964
0 0.412485 0.601779 0.106542 0.777338
0 0.621985 0.367962 0.043910 0.141044
