3 0.08984375 0.69609375 0.1796875 0.271875
3 0.83046875 0.5984375 0.1484375 0.20234375
3 0.6265625 0.653125 0.18125 0.2515625
2 0.08984375 0.51328125 0.0875 0.1015625
2 0.8234375 0.465625 0.053125 0.07421875
0 0.089240 0.732069 0.178480 0.535077
0 0.951567 0.645172 0.095885 0.321961
0 0.834596 0.688406 0.177302 0.514358
0 0.622111 0.713986 0.213401 0.572028
0 0.345224 0.546624 0.026985 0.093234
0 0.373896 0.539577 0.023439 0.065199
0 0.313858 0.551927 0.026763 0.082549
0 0.757087 0.634982 0.087414 0.387897
0 0.912143 0.604566 0.065401 0.240208
0 0.396100 0.538481 0.023812 0.062262
0 0.748971 0.594104 0.083344 0.284743
