2 0.0890625 0.45625 0.0875 0.1578125
2 0.1734375 0.3875 0.090625 0.16015625
2 0.27734375 0.43828125 0.090625 0.15
2 0.3625 0.33515625 0.0703125 0.159375
2 0.47734375 0.4046875 0.08984375 0.1734375
2 0.6359375 0.38359375 0.08828125 0.15546875
3 0.0921875 0.709375 0.184375 0.34375
3 0.2765625 0.6953125 0.16171875 0.35859375
3 0.47890625 0.66484375 0.19375 0.34921875
0 0.096497 0.688656 0.192489 0.618204
0 0.474616 0.657827 0.219764 0.683847
0 0.287388 0.682769 0.186991 0.633869
0 0.649202 0.654240 0.190344 0.688264
0 0.792428 0.677734 0.158881 0.644532
0 0.929469 0.862848 0.140367 0.273344
0 0.931722 0.547200 0.136198 0.356044
0 0.381113 0.425148 0.134796 0.316570
0 0.930119 0.683565 0.139281 0.627374
0 0.928811 0.801425 0.141801 0.395407
0 0.178424 0.657853 0.092452 0.679768
0 0.380788 0.620626 0.136184 0.705861
