3 0.18046875 0.375 0.14140625 0.23046875
3 0.303125 0.415625 0.0984375 0.19609375
3 0.4046875 0.40234375 0.11015625 0.2
3 0.53125 0.40234375 0.11015625 0.19375
2 0.203125 0.2015625 0.06171875 0.103125
2 0.28671875 0.2578125 0.0625 0.10625
2 0.40078125 0.2515625 0.0578125 0.1
2 0.534375 0.24296875 0.08515625 0.1140625
2 0.6734375 0.35078125 0.1 0.18671875
0 0.696916 0.619698 0.314654 0.742761
0 0.526584 0.537220 0.120356 0.682264
0 0.181015 0.533395 0.159847 0.766797
0 0.400140 0.540397 0.119986 0.680216
0 0.296544 0.559955 0.107659 0.718321
