2 0.1625 0.18203125 0.1140625 0.18046875
2 0.31328125 0.11640625 0.07890625 0.1546875
2 0.49296875 0.15546875 0.128125 0.20390625
2 0.62890625 0.1703125 0.0953125 0.153125
2 0.8265625 0.0890625 0.1 0.178125
3 0.15859375 0.4421875 0.2046875 0.32734375
3 0.3078125 0.3609375 0.15 0.3109375
3 0.50078125 0.44375 0.246875 0.35625
3 0.82421875 0.37265625 0.2359375 0.3796875
0 0.826041 0.370546 0.237218 0.727393
0 0.155327 0.544669 0.207724 0.910663
0 0.491990 0.529551 0.255352 0.940898
0 0.631583 0.546714 0.161960 0.894126
0 0.308965 0.529933 0.175987 0.921254
0 0.822312 0.863782 0.215498 0.271788
