2 0.178125 0.334375 0.06953125 0.1265625
2 0.334375 0.3625 0.059375 0.12890625
2 0.51015625 0.31484375 0.09296875 0.12890625
3 0.15625 0.571875 0.2078125 0.3
3 0.32265625 0.5453125 0.1453125 0.2234375
3 0.5078125 0.565625 0.19765625 0.31640625
2 0.67890625 0.41875 0.0703125 0.10546875
2 0.81875 0.3484375 0.06953125 0.11796875
0 0.156163 0.636704 0.206660 0.726593
0 0.508158 0.624440 0.205415 0.751120
0 0.330104 0.648409 0.151906 0.700484
0 0.844591 0.644558 0.194897 0.710885
0 0.698753 0.677394 0.186946 0.645211
