2 0.13515625 0.41875 0.121875 0.2296875
2 0.40546875 0.3046875 0.10078125 0.184375
2 0.61171875 0.29375 0.09453125 0.18359375
2 0.7640625 0.34453125 0.1 0.18046875
2 0.93359375 0.40625 0.11484375 0.234375
3 0.12421875 0.7640625 0.23671875 0.4296875
3 0.403125 0.6234375 0.2171875 0.46484375
0 0.621208 0.602014 0.217368 0.795973
0 0.169646 0.652240 0.319733 0.692230
0 0.796409 0.628636 0.200603 0.740054
0 0.399429 0.608004 0.257600 0.783993
0 0.883979 0.644181 0.230627 0.711464
0 0.290726 0.596126 0.224568 0.798636
