1 0.39453125 0.2515625 0.06328125 0.12109375
1 0.44921875 0.2546875 0.04296875 0.1125
1 0.6578125 0.31328125 0.04296875 0.0859375
1 0.8125 0.30078125 0.05078125 0.09765625
1 0.9 0.3390625 0.059375 0.10234375
4 0.3859375 0.453125 0.11484375 0.2703125
4 0.54921875 0.440625 0.0828125 0.13515625
4 0.65703125 0.428125 0.090625 0.13984375
4 0.80078125 0.421875 0.1 0.13515625
4 0.8984375 0.50625 0.1078125 0.21171875
1 0.5 0.59140625 0.0734375 0.1515625
1 0.765625 0.54765625 0.05234375 0.1125
1 0.553125 0.3203125 0.04765625 0.09140625
0 0.491603 0.764284 0.207331 0.470140
0 0.773936 0.725912 0.143284 0.466226
0 0.891973 0.611908 0.144732 0.649321
0 0.646852 0.712613 0.119073 0.432318
0 0.376432 0.554746 0.179326 0.731260
0 0.784142 0.433068 0.144027 0.355084
0 0.569059 0.704856 0.095678 0.393000
0 0.553895 0.417100 0.106145 0.279169
0 0.659121 0.442728 0.128467 0.339286
