2 0.35078125 0.42734375 0.0390625 0.08671875
2 0.42734375 0.4640625 0.03125 0.08046875
2 0.4421875 0.68828125 0.06953125 0.125
2 0.67578125 0.71953125 0.06640625 0.14296875
2 0.85859375 0.65859375 0.06640625 0.12578125
3 0.3515625 0.559375 0.08359375 0.17265625
3 0.45 0.8828125 0.15078125 0.23359375
3 0.53828125 0.575 0.075 0.18515625
3 0.23984375 0.61796875 0.0828125 0.20859375
3 0.12578125 0.62109375 0.09140625 0.21484375
1 0.53046875 0.4296875 0.0421875 0.09140625
1 0.2390625 0.45625 0.040625 0.0875
1 0.128125 0.45234375 0.0453125 0.0953125
0 0.122816 0.702187 0.123262 0.594422
0 0.240535 0.704383 0.113950 0.585658
0 0.548255 0.613459 0.141775 0.461648
0 0.349402 0.628681 0.108659 0.471146
0 0.678509 0.796440 0.143954 0.300347
0 0.439610 0.810506 0.214788 0.378398
0 0.646560 0.905468 0.181839 0.188862
0 0.843448 0.797429 0.197903 0.403949
0 0.948519 0.572654 0.090290 0.363875
0 0.431408 0.603835 0.092979 0.370166
0 0.430076 0.555061 0.089596 0.262994
0 0.670908 0.535155 0.061880 0.110251
0 0.469642 0.513534 0.025319 0.071286
