1 0.3484375 0.50625 0.03671875 0.0671875
2 0.5625 0.5015625 0.03671875 0.07578125
0 0.864804 0.694442 0.146403 0.606342
0 0.194970 0.548322 0.094693 0.185424
0 0.289136 0.554794 0.074596 0.181196
0 0.723320 0.568579 0.075188 0.147901
0 0.560869 0.559524 0.083438 0.187821
0 0.488449 0.552867 0.076923 0.200183
0 0.775018 0.541713 0.068678 0.192805
0 0.133885 0.563408 0.063666 0.140511
0 0.411912 0.578172 0.076414 0.150688
0 0.350129 0.576891 0.066583 0.145205
0 0.641350 0.553222 0.083685 0.198242
0 0.078778 0.547278 0.066791 0.157680
0 0.045326 0.677746 0.086698 0.361510
