4 0.17109375 0.41015625 0.08828125 0.18359375
4 0.26640625 0.41953125 0.09453125 0.1921875
4 0.3640625 0.43203125 0.07578125 0.1875
4 0.44609375 0.4265625 0.0796875 0.18984375
4 0.51875 0.4203125 0.0515625 0.1796875
4 0.67109375 0.4546875 0.13828125 0.32265625
1 0.24765625 0.265625 0.06171875 0.10625
1 0.3609375 0.2734375 0.05859375 0.10703125
1 0.43671875 0.2734375 0.05859375 0.10703125
1 0.834375 0.30078125 0.05859375 0.128125
0 0.837417 0.593475 0.158138 0.683154
0 0.249543 0.528323 0.154514 0.623794
0 0.167961 0.522433 0.100342 0.646529
0 0.443688 0.530571 0.109556 0.616502
0 0.358925 0.536458 0.100027 0.628791
0 0.635341 0.541479 0.248587 0.869926
0 0.553522 0.503855 0.121578 0.740069
0 0.776339 0.327495 0.066864 0.249347
0 0.546450 0.513838 0.115471 0.574143
