1 0.44375 0.4109375 0.059375 0.115625
1 0.53984375 0.40859375 0.08203125 0.15078125
1 0.296875 0.40390625 0.0703125 0.1375
3 0.30625 0.61875 0.14296875 0.2875
3 0.54765625 0.5828125 0.14296875 0.22734375
0 0.306220 0.667257 0.204308 0.663961
0 0.761081 0.641907 0.238659 0.716186
0 0.545306 0.666922 0.201314 0.664856
0 0.862518 0.482162 0.060707 0.176737
0 0.363027 0.435300 0.077074 0.147837
0 0.436145 0.675215 0.119454 0.635806
0 0.653714 0.410956 0.026186 0.089805
0 0.789330 0.401371 0.035533 0.057994
