2 0.3921875 0.4921875 0.0390625 0.0734375
0 0.396496 0.528988 0.115393 0.143463
0 0.126253 0.820724 0.252040 0.357533
0 0.144336 0.544986 0.109876 0.155200
0 0.025731 0.605283 0.051340 0.121143
0 0.800962 0.835457 0.350813 0.328292
0 0.177320 0.667280 0.253194 0.238468
0 0.541019 0.555885 0.091577 0.130443
0 0.226890 0.514563 0.067610 0.082963
0 0.900147 0.822814 0.199368 0.342132
0 0.248630 0.578301 0.103586 0.146768
0 0.586196 0.593691 0.096660 0.132529
0 0.690601 0.694572 0.218138 0.282747
0 0.621374 0.625861 0.130540 0.151398
0 0.153129 0.647451 0.204518 0.194956
