1 0.26796875 0.52265625 0.0359375 0.05703125
1 0.80234375 0.4828125 0.0390625 0.08125
1 0.86953125 0.55 0.028125 0.06015625
1 0.03125 0.4890625 0.03046875 0.053125
1 0.14296875 0.52421875 0.02734375 0.059375
0 0.032409 0.648464 0.064819 0.376298
0 0.365042 0.681221 0.074691 0.357600
0 0.565595 0.679969 0.085336 0.377224
0 0.877638 0.673705 0.062927 0.313449
0 0.807765 0.711120 0.098623 0.520153
0 0.247770 0.682203 0.107263 0.378240
0 0.122692 0.668596 0.147052 0.341348
0 0.671008 0.673502 0.064404 0.341711
0 0.509833 0.664596 0.058181 0.316293
0 0.432692 0.688306 0.077856 0.363205
0 0.709487 0.660278 0.055753 0.304289
0 0.494108 0.666231 0.086204 0.326660
0 0.747458 0.659067 0.053343 0.310104
0 0.304601 0.662761 0.051100 0.327755
