4 0.1578125 0.52578125 0.10703125 0.225
4 0.16328125 0.21875 0.04453125 0.09375
4 0.8703125 0.27109375 0.04609375 0.11484375
4 0.6578125 0.246875 0.04921875 0.09765625
4 0.43203125 0.2265625 0.03203125 0.078125
4 0.51640625 0.25703125 0.028125 0.071875
4 0.41171875 0.153125 0.04296875 0.08984375
4 0.8109375 0.19453125 0.03671875 0.07265625
1 0.1625 0.34765625 0.06484375 0.08984375
0 0.160505 0.606046 0.171846 0.609038
0 0.871280 0.282913 0.057888 0.219137
0 0.808013 0.225169 0.044324 0.197223
0 0.650442 0.236431 0.074125 0.157126
0 0.161768 0.210303 0.042308 0.140002
