2 0.23671875 0.359375 0.0546875 0.10390625
1 0.70859375 0.34921875 0.07890625 0.13828125
0 0.190748 0.521794 0.141293 0.402666
0 0.921044 0.647391 0.157314 0.705217
0 0.059251 0.509620 0.118502 0.383377
0 0.368428 0.581744 0.156902 0.516494
0 0.730476 0.644426 0.160737 0.711149
0 0.257799 0.528218 0.106052 0.437169
0 0.846752 0.615401 0.131567 0.610836
0 0.480473 0.638008 0.168103 0.708525
0 0.585903 0.652380 0.116053 0.624492
0 0.105937 0.439446 0.064986 0.176727
0 0.112037 0.525296 0.069579 0.333457
