1 0.3921875 0.36640625 0.0359375 0.07421875
2 0.89765625 0.36953125 0.03984375 0.0640625
1 0.46484375 0.35 0.04453125 0.0828125
1 0.26171875 0.3390625 0.03515625 0.06328125
2 0.125 0.3859375 0.03046875 0.04765625
0 0.589906 0.566120 0.107053 0.481872
0 0.466274 0.545358 0.103506 0.467866
0 0.694036 0.590543 0.120404 0.544926
0 0.133153 0.510612 0.088434 0.300457
0 0.388528 0.541404 0.087348 0.418175
0 0.895400 0.539625 0.116280 0.404961
0 0.084745 0.486662 0.053484 0.291173
0 0.776697 0.533012 0.114005 0.416393
0 0.951227 0.558863 0.096417 0.505404
0 0.520251 0.503476 0.061375 0.308592
0 0.298803 0.575257 0.108648 0.462585
0 0.233569 0.509957 0.108766 0.410205
0 0.165679 0.483382 0.059088 0.278172
0 0.802526 0.508705 0.098590 0.354100
0 0.346749 0.391210 0.052997 0.102881
0 0.754295 0.531616 0.093318 0.403458
