1 0.29765625 0.50234375 0.121875 0.18046875
1 0.6328125 0.4953125 0.12734375 0.20390625
2 0.2140625 0.37109375 0.034375 0.06328125
2 0.1375 0.3703125 0.05859375 0.09921875
0 0.304249 0.623512 0.177496 0.655259
0 0.898800 0.640810 0.178835 0.666254
0 0.149551 0.624276 0.147839 0.586800
0 0.630689 0.564519 0.166850 0.564015
0 0.463674 0.624865 0.177470 0.629534
0 0.807450 0.560422 0.098816 0.484617
0 0.073731 0.535671 0.094546 0.390563
0 0.709885 0.549650 0.090121 0.491846
0 0.214827 0.530968 0.079247 0.370567
0 0.373633 0.501928 0.102523 0.390838
0 0.565999 0.514667 0.086681 0.397062
0 0.028885 0.415371 0.027183 0.107660
