2 0.675 0.5640625 0.0296875 0.06171875
2 0.28515625 0.5640625 0.02578125 0.05625
2 0.33671875 0.55 0.03046875 0.06171875
2 0.18515625 0.54375 0.03125 0.06328125
0 0.811458 0.676593 0.072165 0.258026
0 0.669419 0.726487 0.106867 0.383082
0 0.177411 0.684105 0.098713 0.359397
0 0.481639 0.728362 0.086531 0.374648
0 0.279248 0.695734 0.081810 0.336958
0 0.583937 0.718111 0.075303 0.323672
0 0.344683 0.682185 0.071669 0.317757
0 0.539902 0.672030 0.059052 0.277725
0 0.397905 0.693974 0.061540 0.288184
0 0.430492 0.624817 0.046081 0.182823
