2 0.275 0.3125 0.0609375 0.103125
1 0.7390625 0.27890625 0.04609375 0.0796875
1 0.90703125 0.27578125 0.0546875 0.09140625
3 0.56796875 0.4328125 0.1125 0.1875
0 0.565202 0.540297 0.198337 0.606655
0 0.043131 0.503492 0.086262 0.475617
0 0.738670 0.479981 0.118786 0.479796
0 0.834246 0.575585 0.171292 0.651138
0 0.182108 0.530164 0.101886 0.505014
0 0.929226 0.499558 0.137634 0.534977
0 0.275848 0.590840 0.163615 0.652835
0 0.385603 0.479306 0.084926 0.466630
0 0.500481 0.470353 0.083829 0.437625
0 0.382127 0.479718 0.121980 0.465483
