1 0.58828125 0.31953125 0.053125 0.11875
1 0.3703125 0.35859375 0.0640625 0.11171875
1 0.68046875 0.36171875 0.05859375 0.1046875
2 0.884375 0.36171875 0.03515625 0.06953125
0 0.574215 0.579923 0.131565 0.615434
0 0.797341 0.607194 0.165161 0.658737
0 0.373787 0.628315 0.129973 0.627386
0 0.051166 0.646349 0.102331 0.692333
0 0.689465 0.592504 0.132692 0.578511
0 0.889873 0.514818 0.083680 0.371302
0 0.434798 0.523874 0.092980 0.384895
0 0.208519 0.549374 0.073085 0.309255
0 0.274053 0.613504 0.106304 0.476210
0 0.503797 0.527811 0.065865 0.387626
0 0.453829 0.531594 0.115307 0.394630
0 0.973655 0.525717 0.052325 0.420082
