4 0.29453125 0.4984375 0.05546875 0.175
4 0.5046875 0.5078125 0.03046875 0.09921875
4 0.965625 0.5453125 0.06796875 0.1875
4 0.79453125 0.51015625 0.04140625 0.12734375
4 0.41015625 0.54140625 0.0421875 0.13203125
1 0.31328125 0.37421875 0.0359375 0.06875
1 0.46484375 0.49765625 0.028125 0.06953125
1 0.94296875 0.40234375 0.0453125 0.0734375
0 0.778537 0.556570 0.081932 0.259483
0 0.292197 0.596685 0.071032 0.467600
0 0.947152 0.656729 0.104618 0.502595
0 0.407101 0.584872 0.041326 0.261205
0 0.506713 0.561139 0.040512 0.249424
