1 0.7796875 0.509375 0.0328125 0.0484375
1 0.6625 0.50546875 0.03359375 0.053125
1 0.5796875 0.48984375 0.0296875 0.0546875
1 0.52421875 0.43828125 0.03125 0.053125
1 0.6390625 0.41328125 0.0265625 0.05
1 0.49140625 0.509375 0.03203125 0.059375
1 0.43125 0.4984375 0.02890625 0.053125
1 0.28203125 0.41015625 0.03125 0.059375
1 0.15625 0.49453125 0.0296875 0.05078125
0 0.660835 0.543250 0.077194 0.122904
0 0.301945 0.533183 0.083533 0.125742
0 0.224926 0.520176 0.078517 0.135389
0 0.149200 0.637760 0.102131 0.345831
0 0.582053 0.542921 0.091139 0.123949
0 0.722337 0.549048 0.066335 0.106946
0 0.619043 0.496197 0.057981 0.114432
0 0.786999 0.590969 0.080093 0.207337
