3 0.278125 0.76015625 0.06953125 0.13046875
3 0.36328125 0.7609375 0.071875 0.12265625
3 0.4890625 0.7890625 0.059375 0.1328125
3 0.58828125 0.7734375 0.0640625 0.12421875
1 0.28515625 0.65625 0.0375 0.05078125
1 0.3671875 0.66875 0.03984375 0.053125
1 0.49140625 0.696875 0.0390625 0.04921875
1 0.5890625 0.68203125 0.0375 0.05
1 0.4796875 0.28515625 0.03203125 0.05234375
1 0.43359375 0.54609375 0.03125 0.046875
0 0.367123 0.775673 0.094658 0.269692
0 0.272936 0.776792 0.087870 0.292352
0 0.602706 0.798003 0.101715 0.278177
0 0.162499 0.750486 0.112363 0.239687
0 0.489206 0.810903 0.090868 0.282879
0 0.149752 0.479957 0.094455 0.173070
