1 0.078125 0.39375 0.05078125 0.08046875
1 0.3328125 0.37578125 0.025 0.04296875
1 0.590625 0.3828125 0.034375 0.0734375
0 0.583886 0.576903 0.093485 0.453139
0 0.126687 0.701384 0.100948 0.568985
0 0.732194 0.562853 0.074311 0.360611
0 0.664722 0.562202 0.087975 0.419175
0 0.789066 0.547845 0.077035 0.362459
0 0.325430 0.488301 0.065400 0.273365
0 0.373153 0.504872 0.072539 0.278434
0 0.496715 0.545109 0.106200 0.380373
0 0.863906 0.531940 0.061799 0.340523
0 0.068243 0.669862 0.075588 0.632446
0 0.479032 0.552726 0.082236 0.379554
0 0.425744 0.527718 0.077235 0.326170
0 0.116973 0.383906 0.043696 0.078527
0 0.843005 0.537077 0.059774 0.344270
0 0.524226 0.571366 0.095212 0.391757
