4 0.90625 0.45859375 0.05078125 0.109375
1 0.6203125 0.52265625 0.03125 0.0515625
1 0.9109375 0.384375 0.0234375 0.040625
0 0.614406 0.663976 0.088937 0.334037
0 0.538460 0.656464 0.074142 0.314604
0 0.908224 0.501998 0.064154 0.250017
0 0.960793 0.515334 0.064215 0.264491
0 0.058834 0.419580 0.080503 0.272937
0 0.020757 0.359720 0.041514 0.205464
0 0.325890 0.614411 0.047778 0.143450
0 0.140393 0.358713 0.053986 0.140132
0 0.076146 0.417480 0.111736 0.271530
0 0.189068 0.444876 0.077994 0.312486
