2 0.6125 0.27890625 0.11953125 0.128125
2 0.85234375 0.28203125 0.1046875 0.121875
0 0.857268 0.607617 0.284592 0.781763
0 0.601386 0.770429 0.529340 0.457632
0 0.757159 0.319000 0.112922 0.194902
0 0.556312 0.528975 0.482080 0.627781
0 0.137537 0.491856 0.268101 0.576355
0 0.100966 0.872543 0.201933 0.253701
0 0.285667 0.501941 0.222315 0.638670
0 0.516797 0.250444 0.079771 0.114941
0 0.432432 0.314972 0.126477 0.214643
0 0.036413 0.306094 0.072826 0.131695
0 0.955850 0.288653 0.087930 0.184547
0 0.668999 0.289632 0.037373 0.203410
0 0.109035 0.228498 0.035328 0.081981
0 0.232751 0.214494 0.034639 0.043785
0 0.451772 0.220855 0.037668 0.058164
