4 0.31171875 0.5484375 0.11328125 0.2578125
4 0.421875 0.528125 0.09765625 0.25
4 0.61015625 0.528125 0.10859375 0.1890625
4 0.73359375 0.5 0.134375 0.22578125
4 0.89921875 0.553125 0.12421875 0.253125
2 0.3109375 0.3484375 0.05625 0.12421875
2 0.4078125 0.3390625 0.06484375 0.10703125
2 0.6109375 0.3765625 0.059375 0.10625
2 0.7328125 0.32578125 0.0515625 0.1171875
2 0.890625 0.35625 0.059375 0.115625
0 0.891080 0.646547 0.216671 0.702268
0 0.601979 0.659001 0.129109 0.681999
0 0.429099 0.642417 0.137408 0.715166
0 0.730974 0.641129 0.185245 0.717741
0 0.299654 0.646429 0.159711 0.707142
