2 0.184375 0.346875 0.09140625 0.14140625
2 0.3234375 0.34296875 0.08984375 0.14140625
2 0.478125 0.31796875 0.08515625 0.14296875
2 0.64375 0.33046875 0.09375 0.13671875
2 0.8109375 0.2640625 0.1046875 0.15078125
3 0.1765625 0.52890625 0.15 0.22109375
3 0.321875 0.52890625 0.13828125 0.23671875
3 0.4875 0.534375 0.16875 0.2828125
3 0.8171875 0.48125 0.19765625 0.2484375
0 0.183241 0.637727 0.158013 0.724545
0 0.486644 0.622029 0.181421 0.755943
0 0.326374 0.636677 0.161207 0.726646
0 0.643018 0.632161 0.166568 0.735677
0 0.815127 0.589665 0.191414 0.788722
0 0.816688 0.470686 0.192034 0.558893
