2 0.1859375 0.3828125 0.0703125 0.1515625
2 0.35234375 0.434375 0.1140625 0.14296875
2 0.50234375 0.44921875 0.08828125 0.14453125
2 0.67734375 0.45625 0.0859375 0.140625
2 0.8640625 0.42734375 0.08828125 0.13203125
3 0.865625 0.6171875 0.20390625 0.23125
3 0.18515625 0.60234375 0.1796875 0.26171875
3 0.3578125 0.62890625 0.14609375 0.246875
3 0.50859375 0.63203125 0.1515625 0.23125
0 0.353409 0.678439 0.162894 0.643122
0 0.150763 0.658900 0.252671 0.682200
0 0.516740 0.687132 0.179265 0.622476
0 0.872523 0.596623 0.238560 0.471381
0 0.679349 0.627082 0.181084 0.480818
0 0.844222 0.762749 0.097647 0.149077
