2 0.16484375 0.32734375 0.07734375 0.1421875
2 0.34453125 0.37734375 0.08671875 0.1578125
2 0.53984375 0.4171875 0.0796875 0.15234375
2 0.715625 0.34140625 0.0828125 0.1734375
2 0.83046875 0.3359375 0.0734375 0.14375
4 0.34140625 0.646875 0.159375 0.36484375
4 0.16875 0.59765625 0.18046875 0.3546875
4 0.52578125 0.696875 0.1703125 0.37265625
1 0.1140625 0.584375 0.08125 0.11796875
1 0.30546875 0.66796875 0.10859375 0.12265625
1 0.4796875 0.68671875 0.10859375 0.125
0 0.326850 0.649412 0.213777 0.696406
0 0.151490 0.629754 0.201954 0.736835
0 0.513946 0.668700 0.240428 0.661152
0 0.745384 0.630511 0.228374 0.738977
0 0.872076 0.631339 0.189739 0.736208
