2 0.16796875 0.18203125 0.13671875 0.2703125
2 0.54140625 0.2203125 0.109375 0.22421875
2 0.6453125 0.159375 0.1546875 0.26953125
2 0.8203125 0.346875 0.134375 0.2875
2 0.3046875 0.3203125 0.11875 0.23984375
2 0.41171875 0.3296875 0.0890625 0.2140625
0 0.624941 0.516511 0.283824 0.966978
0 0.144878 0.523193 0.289298 0.945272
0 0.550699 0.539828 0.195686 0.920344
0 0.789048 0.594070 0.420612 0.811860
0 0.868485 0.476371 0.263030 0.547210
0 0.357152 0.594840 0.321129 0.800001
0 0.864953 0.595990 0.268375 0.808020
