2 0.21953125 0.38828125 0.11015625 0.1484375
2 0.35 0.51015625 0.071875 0.0921875
2 0.59375 0.45546875 0.07421875 0.11875
2 0.71015625 0.40390625 0.07890625 0.13359375
2 0.8015625 0.40546875 0.11640625 0.128125
3 0.20859375 0.58984375 0.15703125 0.2734375
3 0.36328125 0.659375 0.13984375 0.1890625
0 0.379297 0.648202 0.211401 0.703595
0 0.224081 0.633651 0.183062 0.732698
0 0.556968 0.641790 0.197164 0.716419
0 0.680199 0.611003 0.207378 0.777994
0 0.810258 0.664133 0.136223 0.670580
0 0.755091 0.665273 0.243729 0.669453
