3 0.15078125 0.384375 0.17109375 0.23515625
3 0.3296875 0.39375 0.1796875 0.25625
3 0.503125 0.3828125 0.165625 0.20078125
3 0.6765625 0.390625 0.1640625 0.24609375
3 0.859375 0.35546875 0.175 0.2875
2 0.16328125 0.20234375 0.08125 0.09921875
2 0.33359375 0.20625 0.0703125 0.109375
2 0.6734375 0.19765625 0.0890625 0.11328125
2 0.840625 0.15625 0.06953125 0.1234375
0 0.157326 0.558517 0.177457 0.815013
0 0.496153 0.566378 0.162453 0.827912
0 0.861281 0.361463 0.195271 0.535163
0 0.858766 0.537723 0.197336 0.883758
0 0.678320 0.567392 0.181416 0.837321
0 0.335569 0.562692 0.181779 0.825729
0 0.302560 0.561245 0.161185 0.815954
