3 0.33125 0.36640625 0.134375 0.19609375
3 0.44453125 0.55546875 0.096875 0.16953125
3 0.82109375 0.4328125 0.1453125 0.2875
3 0.45703125 0.2234375 0.10390625 0.1546875
2 0.33984375 0.221875 0.05390625 0.09375
2 0.19765625 0.403125 0.0625 0.1359375
2 0.45078125 0.43828125 0.05 0.09453125
2 0.8203125 0.23046875 0.07109375 0.1171875
2 0.44609375 0.1046875 0.08671875 0.08828125
0 0.492303 0.265576 0.190600 0.407128
0 0.306822 0.436305 0.180683 0.514987
0 0.458421 0.649697 0.178894 0.514875
0 0.653981 0.635546 0.151020 0.537516
0 0.186544 0.664220 0.272822 0.657556
0 0.811392 0.586021 0.176769 0.816952
