3 0.18828125 0.41796875 0.2171875 0.378125
3 0.54765625 0.44765625 0.25 0.334375
3 0.86875 0.4515625 0.2078125 0.309375
2 0.70859375 0.13125 0.07890625 0.146875
2 0.19375 0.11953125 0.10078125 0.18046875
2 0.55234375 0.17890625 0.09375 0.190625
2 0.8625 0.2171875 0.1015625 0.16328125
0 0.543410 0.552774 0.271017 0.894451
0 0.186941 0.527127 0.235127 0.940544
0 0.867670 0.559693 0.208761 0.844983
0 0.368954 0.569684 0.163216 0.860180
0 0.713091 0.537276 0.209988 0.925448
0 0.857008 0.862309 0.161617 0.274387
