4 0.03984375 0.4921875 0.078125 0.2609375
4 0.128125 0.53046875 0.075 0.22890625
4 0.20859375 0.45546875 0.08046875 0.26484375
4 0.2828125 0.50078125 0.0609375 0.22421875
4 0.359375 0.4484375 0.0875 0.2328125
4 0.446875 0.45703125 0.08359375 0.27421875
4 0.5296875 0.45390625 0.07734375 0.2515625
4 0.615625 0.47890625 0.0875 0.246875
4 0.7046875 0.4625 0.08671875 0.26640625
4 0.7921875 0.4 0.0875 0.28046875
4 0.9484375 0.48828125 0.10234375 0.35390625
1 0.034375 0.29375 0.04765625 0.1171875
1 0.20625 0.2625 0.0453125 0.11015625
1 0.11796875 0.34140625 0.0390625 0.10625
1 0.28125 0.31875 0.0453125 0.1
1 0.3515625 0.2484375 0.0453125 0.12265625
1 0.44375 0.26171875 0.04453125 0.10859375
1 0.515625 0.265625 0.0453125 0.1140625
1 0.6015625 0.29296875 0.04609375 0.10078125
1 0.70234375 0.25703125 0.0484375 0.11875
1 0.775 0.18515625 0.05625 0.12734375
1 0.93984375 0.2125 0.07578125 0.15
0 0.917735 0.564338 0.163995 0.849666
0 0.214695 0.612617 0.110868 0.711749
0 0.694608 0.549363 0.106654 0.704798
0 0.041120 0.609481 0.082240 0.746886
0 0.615220 0.610597 0.098630 0.712302
0 0.789806 0.561496 0.115804 0.832055
0 0.524233 0.593993 0.106896 0.766534
0 0.362906 0.617807 0.114960 0.731951
0 0.041365 0.478977 0.082730 0.487004
0 0.484299 0.589436 0.169178 0.771490
0 0.357156 0.377718 0.090552 0.254327
