2 0.04765625 0.36328125 0.08359375 0.15234375
1 0.2984375 0.3828125 0.0890625 0.159375
1 0.85625 0.37421875 0.0765625 0.153125
0 0.083236 0.643350 0.166387 0.712392
0 0.312673 0.652942 0.178541 0.694117
0 0.850699 0.648908 0.195966 0.696545
0 0.618863 0.632777 0.259836 0.731562
0 0.957291 0.693697 0.084980 0.604739
0 0.490410 0.610896 0.144291 0.738077
0 0.771621 0.389355 0.083249 0.161984
0 0.923707 0.374032 0.064587 0.176804
0 0.384959 0.411221 0.100236 0.187177
0 0.961622 0.307487 0.057537 0.134631
