1 0.22734375 0.31171875 0.08046875 0.13125
1 0.36875 0.3265625 0.06796875 0.0984375
1 0.45625 0.32109375 0.05546875 0.09453125
1 0.58203125 0.30078125 0.0609375 0.1015625
1 0.80703125 0.31640625 0.075 0.109375
4 0.20078125 0.51953125 0.16796875 0.27890625
4 0.34765625 0.49375 0.11875 0.22734375
4 0.4640625 0.4796875 0.11171875 0.203125
4 0.603125 0.46484375 0.1265625 0.21015625
4 0.80703125 0.51015625 0.13515625 0.240625
0 0.195844 0.620064 0.241617 0.759193
0 0.615995 0.592505 0.185535 0.675900
0 0.485080 0.601245 0.177300 0.650036
0 0.796959 0.621293 0.217268 0.719181
0 0.345453 0.600699 0.123128 0.658153
