2 0.12421875 0.34765625 0.0984375 0.18046875
1 0.33359375 0.271875 0.09140625 0.1671875
1 0.440625 0.31171875 0.1015625 0.21171875
2 0.6265625 0.2875 0.14375 0.20703125
3 0.46171875 0.61484375 0.1796875 0.37734375
0 0.445245 0.604038 0.267459 0.791923
0 0.096112 0.626850 0.192018 0.745659
0 0.705080 0.595678 0.300086 0.800463
0 0.233442 0.615249 0.212571 0.769502
0 0.822199 0.582186 0.102658 0.626761
0 0.349240 0.357612 0.137596 0.333076
0 0.349246 0.590041 0.134688 0.798724
0 0.821490 0.460567 0.107416 0.381920
