4 0.278125 0.53125 0.11484375 0.22265625
4 0.521875 0.48671875 0.0703125 0.15078125
4 0.63984375 0.490625 0.09296875 0.1484375
1 0.27421875 0.3390625 0.071875 0.10703125
1 0.821875 0.390625 0.05390625 0.10546875
1 0.71015625 0.3890625 0.04140625 0.08125
1 0.63671875 0.37578125 0.04375 0.07578125
0 0.288155 0.642017 0.210830 0.711138
0 0.638516 0.579800 0.119559 0.464478
0 0.526607 0.571274 0.096150 0.464242
0 0.801250 0.643601 0.171737 0.605006
0 0.419153 0.586673 0.124794 0.515809
0 0.712985 0.577803 0.073283 0.454808
0 0.584799 0.520853 0.060901 0.342024
0 0.453125 0.513937 0.073170 0.364667
