4 0.18515625 0.7484375 0.1984375 0.4609375
4 0.56015625 0.85703125 0.17265625 0.28515625
4 0.79296875 0.8140625 0.2046875 0.371875
0 0.663807 0.365890 0.130021 0.346714
0 0.229910 0.654933 0.278464 0.680735
0 0.562387 0.260989 0.098332 0.255309
0 0.767190 0.720006 0.285378 0.557783
0 0.056495 0.285643 0.100551 0.310898
0 0.303675 0.351623 0.107861 0.381702
0 0.434519 0.292571 0.098610 0.278725
0 0.565279 0.796711 0.198166 0.405783
0 0.289607 0.205726 0.054593 0.223667
0 0.520842 0.207939 0.046762 0.269002
0 0.465332 0.177581 0.075360 0.176178
0 0.520222 0.167213 0.046145 0.187901
