2 0.2515625 0.23203125 0.10703125 0.2140625
2 0.678125 0.3859375 0.0484375 0.0796875
2 0.853125 0.2921875 0.09296875 0.13515625
0 0.833687 0.569619 0.205961 0.702320
0 0.299968 0.543876 0.275681 0.833458
0 0.673730 0.585287 0.123159 0.412591
0 0.511028 0.623254 0.104928 0.333262
0 0.587834 0.393306 0.039705 0.148480
0 0.580487 0.254657 0.021560 0.082515
0 0.452431 0.470626 0.056586 0.170923
0 0.531010 0.447457 0.053558 0.150055
0 0.561410 0.255027 0.024279 0.084200
0 0.543953 0.361169 0.042052 0.116348
