4 0.3546875 0.41796875 0.071875 0.1453125
2 0.18828125 0.28828125 0.1078125 0.153125
1 0.7265625 0.275 0.1046875 0.1828125
0 0.887828 0.629836 0.222893 0.739483
0 0.190870 0.627889 0.148930 0.741884
0 0.724185 0.587902 0.196845 0.816997
0 0.346003 0.502549 0.099395 0.484257
0 0.616927 0.644265 0.110671 0.661266
0 0.443084 0.523714 0.119485 0.517394
0 0.097979 0.401772 0.040007 0.160966
0 0.522910 0.593951 0.118204 0.655690
0 0.135398 0.360561 0.043057 0.111321
0 0.827058 0.565837 0.117504 0.694526
