1 0.73984375 0.4609375 0.06015625 0.10234375
1 0.928125 0.4125 0.059375 0.11796875
1 0.29609375 0.453125 0.04296875 0.08203125
0 0.746995 0.654197 0.145280 0.516163
0 0.282890 0.504439 0.114968 0.135822
0 0.906282 0.486915 0.116719 0.272298
0 0.235845 0.467828 0.082125 0.165312
0 0.539221 0.622279 0.124325 0.469115
0 0.393630 0.605626 0.125198 0.379314
0 0.626308 0.626473 0.096163 0.468316
0 0.799174 0.493076 0.076346 0.239324
0 0.396967 0.676927 0.137770 0.529929
0 0.620091 0.546678 0.092057 0.294466
0 0.123214 0.421925 0.033599 0.047690
