1 0.14921875 0.29375 0.0671875 0.1625
1 0.28046875 0.36875 0.06796875 0.14453125
1 0.4484375 0.30546875 0.0765625 0.1625
3 0.44765625 0.60859375 0.1515625 0.35390625
3 0.14140625 0.60703125 0.1859375 0.43046875
3 0.859375 0.653125 0.17890625 0.3859375
0 0.133025 0.611070 0.245020 0.777860
0 0.851321 0.634190 0.243378 0.729804
0 0.450077 0.634215 0.179854 0.731569
0 0.291719 0.644861 0.145050 0.710279
0 0.565415 0.627736 0.159479 0.744187
0 0.725469 0.639195 0.148670 0.721610
0 0.344101 0.427484 0.067273 0.097065
0 0.342707 0.449850 0.068339 0.143166
0 0.648776 0.651186 0.079912 0.668833
