1 0.4296875 0.47265625 0.0390625 0.08125
1 0.9484375 0.50390625 0.05625 0.0953125
0 0.946178 0.711852 0.107331 0.508705
0 0.313717 0.677383 0.098238 0.483072
0 0.506715 0.686893 0.085889 0.462379
0 0.099647 0.655535 0.099490 0.459008
0 0.031888 0.643290 0.063704 0.403378
0 0.870873 0.687498 0.109746 0.490369
0 0.220091 0.656290 0.125889 0.482688
0 0.435969 0.668955 0.099877 0.461691
0 0.600872 0.600753 0.083679 0.311385
0 0.198740 0.653558 0.101158 0.471048
0 0.378422 0.651956 0.084222 0.428697
0 0.067038 0.468686 0.056844 0.142552
0 0.856112 0.605521 0.080182 0.313503
0 0.594332 0.646500 0.089728 0.405486
0 0.801997 0.620360 0.041380 0.213990
