2 0.5203125 0.4125 0.06328125 0.1
2 0.66640625 0.3328125 0.07734375 0.125
1 0.90234375 0.33515625 0.13515625 0.27421875
3 0.35859375 0.5640625 0.10234375 0.1921875
0 0.902116 0.611243 0.194327 0.775535
0 0.517298 0.673596 0.199499 0.652809
0 0.701059 0.629015 0.153118 0.741969
0 0.044348 0.720097 0.088696 0.559806
0 0.362708 0.676720 0.171356 0.646560
0 0.252017 0.680859 0.135201 0.638282
0 0.144835 0.697775 0.135639 0.602175
0 0.437610 0.596631 0.064751 0.336461
0 0.564145 0.446336 0.042831 0.064347
0 0.105241 0.491448 0.055577 0.086247
