4 0.471875 0.67734375 0.09296875 0.171875
4 0.60625 0.6953125 0.071875 0.14921875
4 0.74140625 0.690625 0.0859375 0.1578125
0 0.739269 0.735465 0.095678 0.417780
0 0.477810 0.749820 0.127897 0.471654
0 0.603817 0.744747 0.097530 0.349990
0 0.836401 0.665818 0.073323 0.286105
0 0.222354 0.688208 0.094163 0.463567
0 0.675395 0.662634 0.059056 0.279302
0 0.385068 0.673788 0.091390 0.323750
0 0.977039 0.655069 0.045413 0.230946
0 0.911164 0.673890 0.039371 0.141235
0 0.264590 0.733032 0.129100 0.401437
0 0.949207 0.666856 0.031924 0.126146
0 0.285328 0.732524 0.093916 0.403533
