3 0.07109375 0.52890625 0.134375 0.321875
1 0.0984375 0.3109375 0.11171875 0.14453125
0 0.072360 0.621578 0.144200 0.755472
0 0.628981 0.519541 0.083708 0.348473
0 0.559794 0.539129 0.091771 0.387506
0 0.348990 0.663046 0.154363 0.282788
0 0.956644 0.559104 0.086317 0.458292
0 0.808614 0.546273 0.107988 0.372181
0 0.268520 0.576509 0.120500 0.459479
0 0.733767 0.540693 0.090037 0.348786
0 0.213999 0.470407 0.064117 0.206498
0 0.882337 0.546709 0.098499 0.379565
0 0.691262 0.534429 0.092569 0.378224
0 0.489464 0.521652 0.068169 0.324512
0 0.441730 0.501485 0.088442 0.358924
0 0.462721 0.519318 0.098874 0.360624
