2 0.56328125 0.57421875 0.03203125 0.05703125
1 0.7421875 0.5859375 0.0328125 0.0625
2 0.65234375 0.58125 0.03046875 0.0625
0 0.124797 0.898735 0.189014 0.201815
0 0.747608 0.883991 0.200660 0.231118
0 0.328569 0.906039 0.191579 0.187349
0 0.229042 0.872374 0.124391 0.253857
0 0.040054 0.827345 0.078814 0.343773
0 0.083663 0.557168 0.080141 0.212379
0 0.379642 0.570427 0.087910 0.197237
0 0.080582 0.780236 0.086939 0.194687
0 0.509737 0.739267 0.097183 0.174876
0 0.950206 0.831438 0.099169 0.313279
0 0.643646 0.846596 0.135835 0.305439
0 0.183267 0.772121 0.093594 0.215124
0 0.265820 0.729706 0.085046 0.191886
0 0.652392 0.613872 0.074861 0.122669
0 0.309903 0.715427 0.064536 0.188584
0 0.847105 0.879177 0.131524 0.241164
0 0.838332 0.610079 0.084485 0.140978
0 0.498488 0.905739 0.135464 0.187414
0 0.400681 0.856329 0.095340 0.284733
0 0.360805 0.748686 0.073818 0.149349
0 0.559369 0.609114 0.083198 0.118015
0 0.805833 0.695459 0.069102 0.140978
0 0.742681 0.614772 0.076348 0.118365
0 0.568747 0.690731 0.073721 0.125414
0 0.870377 0.789565 0.101021 0.232504
0 0.133414 0.718005 0.070455 0.183771
