3 0.41796875 0.46015625 0.0734375 0.1171875
3 0.565625 0.4328125 0.0921875 0.1125
3 0.27109375 0.4515625 0.0859375 0.11328125
0 0.941777 0.512438 0.088663 0.346664
0 0.564429 0.514676 0.112544 0.381687
0 0.276560 0.532221 0.107952 0.414625
0 0.677152 0.522783 0.102892 0.359292
0 0.129107 0.540534 0.103003 0.373544
0 0.427722 0.556330 0.126498 0.370414
0 0.775093 0.505779 0.090963 0.376033
0 0.205673 0.474387 0.056503 0.236238
0 0.338382 0.464837 0.053567 0.221325
0 0.493948 0.453013 0.044161 0.205969
