3 0.64375 0.82421875 0.08828125 0.17421875
3 0.23203125 0.52578125 0.05 0.09921875
0 0.650122 0.834893 0.094365 0.330213
0 0.733453 0.848620 0.100337 0.302192
0 0.069327 0.770637 0.087020 0.331305
0 0.235092 0.564040 0.060897 0.252774
0 0.760158 0.316633 0.033652 0.078960
0 0.807151 0.323759 0.026624 0.054802
0 0.936999 0.305027 0.024777 0.065605
0 0.861991 0.317513 0.030652 0.060948
0 0.572952 0.575772 0.051116 0.191325
0 0.989366 0.910927 0.020733 0.178145
0 0.768063 0.493540 0.056261 0.083152
0 0.624068 0.507746 0.045132 0.097791
0 0.172758 0.679611 0.059764 0.253618
0 0.899815 0.325329 0.022255 0.039280
0 0.660511 0.430737 0.031283 0.087154
