2 0.2515625 0.23828125 0.0421875 0.0671875
1 0.54765625 0.20625 0.03828125 0.08515625
2 0.340625 0.2828125 0.05625 0.0828125
2 0.48671875 0.26796875 0.05390625 0.109375
1 0.21328125 0.21640625 0.04296875 0.08984375
0 0.805235 0.622681 0.206281 0.744377
0 0.334687 0.556662 0.169835 0.646354
0 0.631567 0.595665 0.193948 0.744443
0 0.488940 0.535293 0.131686 0.643250
0 0.183791 0.334641 0.108061 0.309070
0 0.254438 0.358919 0.102305 0.302710
0 0.143523 0.257277 0.071552 0.206988
0 0.651979 0.222708 0.050201 0.070652
0 0.552332 0.435850 0.091419 0.508496
