1 0.58125 0.696875 0.01953125 0.0359375
1 0.7203125 0.6953125 0.01640625 0.03125
1 0.89375 0.6984375 0.02265625 0.040625
1 0.4140625 0.6984375 0.0140625 0.02421875
1 0.52734375 0.696875 0.01171875 0.02578125
0 0.579117 0.793711 0.054595 0.219502
0 0.903646 0.818895 0.078131 0.275482
0 0.208304 0.764190 0.039796 0.126550
0 0.022127 0.788318 0.043679 0.176084
0 0.414760 0.757303 0.029920 0.136834
0 0.722178 0.787479 0.045178 0.202508
0 0.687580 0.776178 0.036447 0.150820
0 0.656058 0.771979 0.040259 0.151233
0 0.623248 0.785231 0.047634 0.170546
0 0.321502 0.732094 0.026826 0.105824
0 0.234078 0.743742 0.034346 0.107774
0 0.837448 0.776323 0.037404 0.166566
0 0.529794 0.759937 0.050364 0.148893
0 0.343375 0.729257 0.026193 0.096947
0 0.465937 0.731694 0.023953 0.087939
