2 0.38515625 0.36640625 0.02890625 0.06796875
2 0.5046875 0.37265625 0.03046875 0.06328125
2 0.209375 0.3515625 0.0375 0.0640625
2 0.65234375 0.3734375 0.0296875 0.06328125
2 0.79765625 0.3734375 0.0359375 0.06640625
3 0.26015625 0.47109375 0.06875 0.1296875
3 0.4421875 0.4546875 0.0625 0.1171875
3 0.72578125 0.465625 0.075 0.1328125
3 0.8859375 0.45859375 0.0875 0.1265625
2 0.328125 0.37265625 0.03203125 0.0625
0 0.723042 0.545645 0.087038 0.412103
0 0.033085 0.537515 0.065784 0.575359
0 0.328154 0.539131 0.076902 0.384123
0 0.258687 0.552958 0.074252 0.416907
0 0.109714 0.552686 0.100715 0.494020
0 0.652905 0.538117 0.077681 0.382517
0 0.800129 0.551796 0.091962 0.434634
0 0.385341 0.530214 0.071982 0.386238
0 0.951214 0.573195 0.097181 0.525340
0 0.880543 0.564229 0.100151 0.466952
0 0.505326 0.513591 0.071436 0.350373
0 0.575760 0.537837 0.100505 0.381839
0 0.446231 0.525850 0.078347 0.381121
0 0.196435 0.545443 0.098107 0.449505
0 0.461651 0.529543 0.067112 0.386382
