1 0.1765625 0.52578125 0.02421875 0.03984375
1 0.31328125 0.54375 0.0453125 0.07421875
2 0.8796875 0.55859375 0.0375 0.07578125
0 0.320421 0.754885 0.135408 0.485357
0 0.632660 0.769074 0.142208 0.452125
0 0.092260 0.668131 0.063689 0.272495
0 0.959302 0.659044 0.080901 0.287742
0 0.872658 0.659012 0.100771 0.288633
0 0.148696 0.667873 0.069372 0.269873
0 0.186908 0.608569 0.046746 0.203971
0 0.379758 0.642929 0.072961 0.270286
0 0.453174 0.652600 0.090667 0.263789
0 0.755131 0.768687 0.167847 0.424960
0 0.761189 0.681082 0.153291 0.249319
