1 0.30234375 0.38671875 0.05859375 0.103125
1 0.48359375 0.3796875 0.071875 0.1234375
2 0.9234375 0.4078125 0.09296875 0.14375
1 0.6515625 0.3828125 0.08125 0.12578125
0 0.900173 0.670785 0.199055 0.658010
0 0.299646 0.642998 0.149523 0.619455
0 0.460179 0.659133 0.151553 0.669319
0 0.639819 0.661354 0.193765 0.666187
0 0.800444 0.410214 0.023392 0.082679
0 0.744134 0.623738 0.101461 0.500765
0 0.570917 0.647574 0.097109 0.516676
0 0.840950 0.415397 0.023499 0.086615
0 0.572090 0.545930 0.098648 0.316026
0 0.360396 0.509618 0.074795 0.317709
0 0.359048 0.439775 0.072710 0.176844
