1 0.5390625 0.6203125 0.01953125 0.0390625
1 0.8359375 0.596875 0.0390625 0.06953125
1 0.90703125 0.60390625 0.03984375 0.0578125
1 0.6453125 0.5953125 0.0390625 0.0578125
0 0.648892 0.764034 0.108441 0.390308
0 0.465049 0.724052 0.053026 0.247989
0 0.072280 0.798457 0.112625 0.403085
0 0.538009 0.717287 0.048456 0.231150
0 0.300872 0.757924 0.079805 0.381684
0 0.917869 0.757334 0.067923 0.370376
0 0.829226 0.761716 0.110745 0.404557
0 0.714632 0.733497 0.052511 0.257626
0 0.762285 0.733502 0.062898 0.296467
0 0.958521 0.742095 0.076286 0.369671
0 0.393389 0.729121 0.079817 0.286873
0 0.597394 0.719873 0.068785 0.244625
0 0.190030 0.776273 0.086344 0.391372
0 0.366823 0.757477 0.079978 0.328564
0 0.803737 0.750596 0.066859 0.340984
0 0.216186 0.763655 0.073067 0.392017
0 0.108319 0.788453 0.084222 0.403726
0 0.231451 0.754631 0.070795 0.344839
0 0.174803 0.766603 0.075122 0.375566
