2 0.59375 0.4140625 0.03984375 0.078125
2 0.525 0.3859375 0.04765625 0.0890625
1 0.63984375 0.3984375 0.0421875 0.08515625
1 0.1328125 0.41328125 0.0515625 0.10546875
0 0.768901 0.577639 0.092147 0.375794
0 0.039753 0.640839 0.079506 0.498130
0 0.264195 0.667224 0.148720 0.664297
0 0.125306 0.664224 0.118657 0.529406
0 0.469113 0.665466 0.139486 0.640563
0 0.826672 0.553462 0.081548 0.350186
0 0.654330 0.588390 0.100324 0.442847
0 0.510023 0.663041 0.126627 0.632780
0 0.519903 0.579995 0.105478 0.471372
0 0.590743 0.566400 0.081647 0.381217
