2 0.2359375 0.23515625 0.0859375 0.140625
2 0.609375 0.36328125 0.07578125 0.13671875
1 0.3859375 0.28828125 0.0671875 0.11640625
1 0.509375 0.3171875 0.04296875 0.07578125
0 0.111989 0.599956 0.223727 0.791447
0 0.684955 0.646267 0.399205 0.697868
0 0.389764 0.557257 0.180666 0.650450
0 0.217478 0.572429 0.144050 0.799584
0 0.521831 0.492877 0.115741 0.425485
0 0.448626 0.341466 0.068488 0.133793
0 0.680892 0.347075 0.096175 0.170028
0 0.031357 0.318857 0.062582 0.260137
0 0.316186 0.463434 0.062508 0.322016
0 0.320161 0.366774 0.057385 0.126926
