1 0.4703125 0.33359375 0.0640625 0.13359375
1 0.35390625 0.34296875 0.05703125 0.134375
3 0.48515625 0.5140625 0.1390625 0.228125
3 0.71953125 0.5171875 0.1546875 0.40859375
0 0.372898 0.554503 0.126055 0.425440
0 0.494559 0.531056 0.170758 0.517110
0 0.887620 0.481625 0.141896 0.537578
0 0.717897 0.577051 0.172474 0.831646
0 0.227651 0.529740 0.163860 0.536861
0 0.628082 0.553206 0.091467 0.501775
0 0.552933 0.506087 0.115079 0.520933
0 0.120874 0.547921 0.187944 0.517286
0 0.808259 0.464456 0.072916 0.359869
0 0.809652 0.412659 0.072186 0.259654
0 0.154184 0.406034 0.045936 0.100514
0 0.973721 0.492531 0.051721 0.316295
