3 0.334375 0.50234375 0.10390625 0.1921875
3 0.63984375 0.584375 0.13046875 0.2765625
1 0.57578125 0.3390625 0.053125 0.08984375
1 0.21953125 0.2765625 0.06953125 0.1328125
2 0.51328125 0.3453125 0.06875 0.10703125
0 0.205420 0.604575 0.180705 0.751626
0 0.628503 0.647192 0.152429 0.705616
0 0.506690 0.643930 0.203542 0.712141
0 0.343273 0.610165 0.139893 0.578221
0 0.847752 0.648384 0.149096 0.678041
0 0.751966 0.618505 0.135423 0.635476
0 0.465167 0.375454 0.051790 0.109981
0 0.583522 0.393264 0.075412 0.196179
0 0.421771 0.546882 0.082959 0.406026
0 0.138371 0.394561 0.053364 0.136372
0 0.574188 0.355130 0.059935 0.117978
