1 0.38984375 0.2890625 0.0578125 0.1140625
2 0.26875 0.25234375 0.05078125 0.09765625
2 0.109375 0.303125 0.06015625 0.10390625
1 0.80078125 0.26171875 0.0578125 0.11328125
0 0.928052 0.575167 0.139489 0.687458
0 0.408252 0.571074 0.145043 0.635783
0 0.529040 0.555297 0.148968 0.649978
0 0.126690 0.601828 0.145712 0.734426
0 0.040731 0.610371 0.081463 0.738165
0 0.803288 0.554629 0.141272 0.693531
0 0.689103 0.564896 0.124632 0.629698
0 0.231102 0.591655 0.152878 0.700241
0 0.283577 0.299137 0.081048 0.193352
0 0.165169 0.296045 0.060222 0.121662
0 0.455864 0.295179 0.073370 0.121601
0 0.309583 0.547425 0.105072 0.667167
0 0.608307 0.330384 0.066642 0.165957
