2 0.16796875 0.46875 0.03671875 0.07421875
1 0.3828125 0.40546875 0.04765625 0.08671875
1 0.85859375 0.41328125 0.04609375 0.09296875
1 0.2984375 0.45234375 0.04453125 0.0796875
0 0.524702 0.672118 0.119083 0.529739
0 0.780876 0.708714 0.136390 0.544143
0 0.163480 0.656594 0.114138 0.453796
0 0.645599 0.675927 0.127747 0.527417
0 0.405887 0.711709 0.124141 0.486122
0 0.288090 0.665307 0.115498 0.497981
0 0.257774 0.677881 0.131806 0.520004
0 0.884256 0.570460 0.141081 0.403055
0 0.400171 0.471527 0.114318 0.217222
0 0.885263 0.656119 0.144021 0.575296
0 0.243715 0.657830 0.102787 0.466737
