1 0.3953125 0.28515625 0.0546875 0.10390625
1 0.27734375 0.28984375 0.07578125 0.1234375
4 0.39375 0.4109375 0.08984375 0.15546875
3 0.25625 0.44375 0.11171875 0.1796875
0 0.269579 0.578803 0.193105 0.690857
0 0.502488 0.440036 0.084433 0.379973
0 0.403726 0.505167 0.132472 0.541867
0 0.018023 0.402815 0.036045 0.227215
0 0.062868 0.397483 0.068788 0.226954
0 0.747822 0.404026 0.074559 0.297661
0 0.120667 0.396571 0.066923 0.259479
0 0.669135 0.399668 0.057798 0.278285
0 0.170960 0.393126 0.057757 0.237892
0 0.593066 0.397931 0.070755 0.279901
