1 0.86875 0.49453125 0.03984375 0.05546875
1 0.940625 0.50234375 0.0390625 0.0671875
3 0.39609375 0.58984375 0.0578125 0.11875
3 0.771875 0.5671875 0.06171875 0.10859375
0 0.945227 0.649345 0.104834 0.362875
0 0.548500 0.657362 0.118629 0.355621
0 0.086652 0.636945 0.087782 0.340394
0 0.866344 0.627213 0.069418 0.319058
0 0.765821 0.621186 0.091653 0.317694
0 0.305008 0.675428 0.104373 0.430146
0 0.458030 0.614605 0.071107 0.290019
0 0.397766 0.650232 0.070972 0.338392
0 0.123119 0.615403 0.068952 0.265607
0 0.667443 0.621401 0.092785 0.308724
0 0.204668 0.627771 0.069191 0.304398
0 0.511788 0.599524 0.060253 0.272823
0 0.723162 0.601549 0.044643 0.246997
0 0.626780 0.604422 0.058414 0.278697
