4 0.4578125 0.4640625 0.05078125 0.10390625
4 0.2984375 0.471875 0.0578125 0.09140625
4 0.53671875 0.43828125 0.04140625 0.06171875
4 0.58359375 0.4328125 0.0359375 0.05546875
4 0.7625 0.46171875 0.0390625 0.06796875
1 0.5859375 0.3921875 0.01796875 0.025
1 0.52734375 0.3953125 0.0265625 0.02109375
1 0.75625 0.4015625 0.0296875 0.03046875
1 0.4546875 0.3875 0.04921875 0.0390625
0 0.753345 0.492512 0.060418 0.213111
0 0.438136 0.520049 0.117617 0.302934
0 0.583872 0.456874 0.046376 0.151827
0 0.531594 0.476249 0.049242 0.173755
0 0.287947 0.531634 0.098278 0.282139
0 0.879935 0.444846 0.021990 0.056895
0 0.456993 0.520637 0.076485 0.294063
