2 0.59453125 0.5 0.0421875 0.0640625
3 0.59765625 0.60546875 0.08671875 0.13203125
1 0.6640625 0.4828125 0.04140625 0.05625
2 0.509375 0.58046875 0.05234375 0.09765625
1 0.7390625 0.55 0.05078125 0.078125
0 0.762594 0.784310 0.181993 0.429697
0 0.599177 0.604874 0.098587 0.271931
0 0.507937 0.765790 0.168374 0.467442
0 0.680653 0.251425 0.103992 0.136622
0 0.818200 0.575289 0.100954 0.261124
0 0.666921 0.623236 0.093173 0.330354
0 0.200664 0.594470 0.178734 0.330990
0 0.197144 0.824395 0.255121 0.350214
0 0.968950 0.574125 0.061565 0.177530
0 0.624136 0.835888 0.124611 0.326800
0 0.897279 0.795254 0.141613 0.409491
0 0.391217 0.642851 0.121890 0.343666
0 0.332448 0.805785 0.184251 0.386571
0 0.360285 0.499942 0.067369 0.157136
0 0.811372 0.242229 0.095299 0.153690
