3 0.28984375 0.60390625 0.03046875 0.06875
1 0.8734375 0.68125 0.015625 0.034375
1 0.40078125 0.5703125 0.01484375 0.0328125
1 0.30859375 0.746875 0.01796875 0.034375
1 0.246875 0.38203125 0.01640625 0.03203125
2 0.321875 0.45859375 0.01484375 0.03359375
2 0.58671875 0.58828125 0.015625 0.02890625
2 0.50078125 0.65859375 0.01328125 0.02890625
2 0.3890625 0.6234375 0.01484375 0.03515625
0 0.250804 0.433234 0.037609 0.134260
0 0.619759 0.766811 0.042882 0.135690
0 0.905214 0.770725 0.043730 0.142966
0 0.714907 0.766954 0.041871 0.122420
0 0.180070 0.733185 0.039157 0.108672
0 0.848234 0.785868 0.039928 0.111143
