1 0.85234375 0.425 0.07109375 0.128125
1 0.15703125 0.4359375 0.04453125 0.0828125
1 0.27265625 0.43359375 0.03515625 0.06015625
1 0.825 0.52890625 0.059375 0.08984375
1 0.61328125 0.43984375 0.0265625 0.04921875
1 0.54453125 0.44765625 0.02890625 0.053125
1 0.37265625 0.4453125 0.03515625 0.07265625
0 0.891807 0.685073 0.184040 0.627867
0 0.853217 0.681038 0.262923 0.633352
0 0.537003 0.474074 0.061653 0.101247
0 0.436905 0.473736 0.061204 0.128685
0 0.487039 0.484979 0.038466 0.080170
0 0.722310 0.468649 0.067764 0.085159
0 0.137595 0.621951 0.148001 0.447362
0 0.330582 0.484746 0.068728 0.137675
0 0.361519 0.481193 0.129354 0.140163
0 0.237549 0.507941 0.063593 0.096501
