2 0.225 0.278125 0.03515625 0.07265625
3 0.296875 0.4140625 0.06015625 0.1671875
1 0.29375 0.2875 0.03671875 0.06484375
1 0.34765625 0.27421875 0.040625 0.075
3 0.2234375 0.4046875 0.07265625 0.1609375
1 0.58671875 0.29375 0.0421875 0.06796875
0 0.223719 0.479019 0.139357 0.465578
0 0.295739 0.455632 0.080222 0.400522
0 0.369849 0.434641 0.110111 0.387866
0 0.594985 0.470257 0.073627 0.428588
0 0.315149 0.459776 0.085395 0.418360
0 0.349010 0.440970 0.082307 0.391751
0 0.454915 0.432429 0.126296 0.363143
0 0.533465 0.439749 0.072115 0.355278
