3 0.30390625 0.53515625 0.0671875 0.13359375
2 0.23046875 0.428125 0.04765625 0.0765625
2 0.51328125 0.43671875 0.0359375 0.05625
2 0.715625 0.42109375 0.03125 0.05703125
2 0.3703125 0.4515625 0.04765625 0.06328125
2 0.2828125 0.43046875 0.046875 0.06640625
0 0.645389 0.588980 0.145814 0.400157
0 0.032258 0.504155 0.064516 0.496888
0 0.267594 0.584745 0.149465 0.375944
0 0.390657 0.534884 0.121163 0.235188
0 0.229154 0.472675 0.099690 0.160665
0 0.723358 0.511282 0.099538 0.156444
0 0.519138 0.475406 0.051705 0.135572
0 0.724832 0.440987 0.056421 0.095571
0 0.186581 0.398282 0.068369 0.152688
