2 0.89609375 0.41875 0.09765625 0.1125
2 0.465625 0.49453125 0.10390625 0.103125
2 0.75625 0.434375 0.17734375 0.16484375
0 0.196764 0.736711 0.268735 0.524911
0 0.758608 0.675192 0.472893 0.649616
0 0.455454 0.718681 0.208167 0.559713
0 0.105946 0.510141 0.129114 0.208177
0 0.046729 0.724413 0.093457 0.550061
0 0.363905 0.694422 0.128236 0.606960
0 0.564388 0.546641 0.144842 0.279734
0 0.908810 0.595409 0.181921 0.465399
0 0.908747 0.520233 0.180898 0.313594
0 0.358762 0.568895 0.123670 0.361117
0 0.642706 0.459896 0.078068 0.139964
