1 0.19140625 0.17265625 0.103125 0.18125
1 0.34453125 0.1578125 0.08671875 0.1796875
1 0.528125 0.16796875 0.0859375 0.18046875
1 0.69140625 0.1765625 0.103125 0.19296875
4 0.17734375 0.50703125 0.13359375 0.46328125
4 0.3234375 0.38203125 0.14921875 0.2734375
4 0.5265625 0.45078125 0.16171875 0.37421875
4 0.71015625 0.44140625 0.13671875 0.3359375
0 0.515777 0.545717 0.191244 0.906359
0 0.682987 0.540883 0.202804 0.916303
0 0.315755 0.535885 0.179545 0.928231
0 0.196167 0.542410 0.175625 0.907628
