4 0.134375 0.66484375 0.246875 0.559375
3 0.43515625 0.609375 0.17734375 0.47421875
1 0.1640625 0.234375 0.1375 0.26484375
1 0.2578125 0.28671875 0.10625 0.2453125
1 0.44609375 0.25859375 0.11640625 0.2046875
1 0.63984375 0.25234375 0.1140625 0.240625
1 0.86171875 0.28359375 0.121875 0.2359375
0 0.635186 0.588865 0.277404 0.822271
0 0.454484 0.596232 0.243245 0.805400
0 0.272128 0.563002 0.542649 0.871433
0 0.861415 0.585312 0.273871 0.828128
0 0.334188 0.580729 0.301287 0.837000
0 0.126385 0.552606 0.252565 0.893710
0 0.273763 0.363928 0.165886 0.398950
