2 0.19375 0.26953125 0.1140625 0.20859375
2 0.3375 0.2328125 0.09609375 0.16796875
2 0.52578125 0.2671875 0.08984375 0.171875
2 0.66171875 0.16640625 0.08359375 0.159375
2 0.79375 0.29609375 0.11328125 0.1828125
3 0.1703125 0.5953125 0.28828125 0.4015625
3 0.51953125 0.53828125 0.19375 0.315625
0 0.842828 0.605812 0.298974 0.788376
0 0.173805 0.580429 0.347274 0.835779
0 0.516523 0.586472 0.232408 0.820784
0 0.331138 0.574102 0.214341 0.845440
0 0.650320 0.346414 0.182109 0.524450
0 0.650076 0.476268 0.185570 0.785749
