2 0.1984375 0.2265625 0.08828125 0.17421875
2 0.48515625 0.19765625 0.11015625 0.2234375
3 0.1984375 0.5 0.22890625 0.35859375
3 0.5015625 0.46484375 0.27890625 0.31640625
0 0.910468 0.589054 0.178464 0.821892
0 0.496418 0.547196 0.287169 0.903507
0 0.193240 0.567012 0.238620 0.863880
0 0.055075 0.630824 0.109676 0.738352
0 0.738491 0.600378 0.191561 0.799243
0 0.639468 0.364429 0.064633 0.305990
0 0.346251 0.622696 0.110478 0.750107
0 0.405212 0.275494 0.088842 0.195929
0 0.351477 0.399114 0.093885 0.305061
