2 0.1765625 0.25859375 0.0640625 0.10234375
2 0.33671875 0.30390625 0.05546875 0.09375
2 0.490625 0.25234375 0.0578125 0.10546875
2 0.64765625 0.2953125 0.04453125 0.08984375
2 0.8078125 0.2796875 0.05546875 0.10078125
3 0.1625 0.4203125 0.1453125 0.19375
3 0.49609375 0.4109375 0.14453125 0.19296875
3 0.653125 0.425 0.11171875 0.1484375
3 0.809375 0.4234375 0.14453125 0.1734375
0 0.148310 0.502532 0.190547 0.589613
0 0.834057 0.510396 0.206405 0.561939
0 0.486825 0.508135 0.186009 0.609994
0 0.321339 0.520605 0.163522 0.539343
0 0.647517 0.452757 0.130927 0.398805
