4 0.703125 0.58125 0.0859375 0.2140625
1 0.59453125 0.41953125 0.0328125 0.07578125
1 0.425 0.40703125 0.0359375 0.07890625
1 0.725 0.428125 0.0515625 0.0828125
1 0.50234375 0.4171875 0.0453125 0.0890625
1 0.3015625 0.4203125 0.059375 0.0765625
0 0.134982 0.650894 0.116969 0.538460
0 0.292214 0.649078 0.149539 0.535438
0 0.596311 0.610606 0.103949 0.449877
0 0.421385 0.608684 0.098172 0.471976
0 0.492111 0.656612 0.094811 0.561082
0 0.713919 0.671542 0.128228 0.574211
0 0.769476 0.615251 0.071558 0.451288
