1 0.48203125 0.290625 0.04375 0.12109375
1 0.3640625 0.3109375 0.0421875 0.1140625
2 0.2671875 0.2765625 0.04140625 0.115625
4 0.5484375 0.43828125 0.08125 0.1953125
4 0.925 0.52421875 0.1265625 0.31796875
4 0.80625 0.5 0.103125 0.265625
4 0.178125 0.44140625 0.08359375 0.265625
0 0.171711 0.591711 0.121316 0.749734
0 0.500986 0.780206 0.142411 0.436740
0 0.687839 0.772963 0.205825 0.453265
0 0.390663 0.772782 0.138882 0.452861
0 0.620892 0.758237 0.104550 0.478352
0 0.264864 0.585204 0.115222 0.653148
0 0.355785 0.565754 0.115917 0.608023
0 0.887163 0.591827 0.224833 0.803680
0 0.920384 0.600414 0.157071 0.799173
0 0.765967 0.605348 0.199499 0.783068
0 0.627428 0.433461 0.123380 0.483035
0 0.863937 0.281787 0.072991 0.181475
0 0.351544 0.246553 0.057168 0.195479
