4 0.85 0.715625 0.3 0.5515625
2 0.21953125 0.115625 0.12578125 0.23125
2 0.72734375 0.33125 0.0859375 0.1515625
1 0.55625 0.5734375 0.10078125 0.13359375
1 0.37578125 0.621875 0.15 0.1765625
0 0.505919 0.412820 0.104064 0.294801
0 0.677459 0.625388 0.235330 0.745922
0 0.842215 0.561260 0.314834 0.874400
0 0.398635 0.578945 0.312809 0.822248
0 0.133820 0.864402 0.266952 0.270445
0 0.303248 0.553760 0.500677 0.876756
0 0.213117 0.489949 0.340343 0.979779
0 0.395604 0.345273 0.097971 0.370291
0 0.328361 0.386213 0.185678 0.447210
0 0.823019 0.353464 0.061624 0.153419
0 0.144403 0.546090 0.288125 0.904958
