3 0.428125 0.56484375 0.1078125 0.20859375
3 0.078125 0.540625 0.10859375 0.2015625
3 0.75234375 0.5453125 0.1171875 0.1828125
2 0.88125 0.425 0.05 0.0640625
0 0.080410 0.614317 0.148369 0.534007
0 0.753830 0.637251 0.140825 0.552089
0 0.884411 0.650753 0.152121 0.531485
0 0.427225 0.633655 0.141372 0.519931
0 0.207389 0.627364 0.114136 0.522276
0 0.314478 0.648350 0.106589 0.488378
0 0.625934 0.624923 0.118680 0.525345
0 0.535681 0.641373 0.104448 0.495317
0 0.954230 0.640405 0.090865 0.518416
