4 0.8890625 0.709375 0.15546875 0.38125
4 0.40546875 0.559375 0.09765625 0.22890625
4 0.5515625 0.57578125 0.078125 0.209375
4 0.6828125 0.53515625 0.09375 0.215625
1 0.55390625 0.41875 0.0484375 0.08359375
1 0.86953125 0.4203125 0.0859375 0.1390625
0 0.862832 0.674514 0.197946 0.650973
0 0.400223 0.635315 0.136257 0.547785
0 0.688890 0.609517 0.120574 0.553812
0 0.551522 0.637319 0.094114 0.521096
0 0.329261 0.572667 0.088623 0.432164
0 0.792936 0.566825 0.101757 0.460758
0 0.743875 0.559117 0.065398 0.413803
0 0.611169 0.416436 0.075982 0.150762
