4 0.23828125 0.46796875 0.08359375 0.12421875
4 0.403125 0.4796875 0.0921875 0.16484375
4 0.5296875 0.503125 0.09609375 0.16796875
4 0.834375 0.49609375 0.11015625 0.171875
1 0.121875 0.365625 0.05078125 0.06953125
1 0.64921875 0.39296875 0.04375 0.090625
0 0.111997 0.541587 0.138637 0.428272
0 0.648919 0.581491 0.114160 0.456215
0 0.234994 0.548388 0.108821 0.436255
0 0.529985 0.586183 0.134219 0.502835
0 0.399047 0.578640 0.122247 0.523690
0 0.816922 0.585996 0.167164 0.538881
0 0.735278 0.563672 0.093382 0.424817
