1 0.46484375 0.403125 0.03828125 0.065625
1 0.709375 0.36015625 0.0390625 0.06015625
1 0.8921875 0.37265625 0.04453125 0.0890625
0 0.724828 0.531773 0.096269 0.412961
0 0.893439 0.549262 0.129604 0.437490
0 0.463537 0.566993 0.099598 0.383594
0 0.346325 0.597184 0.110952 0.482855
0 0.063820 0.606028 0.126716 0.786134
0 0.262106 0.654774 0.119925 0.528537
0 0.077460 0.357205 0.063459 0.148098
0 0.149686 0.650407 0.163323 0.696527
0 0.173229 0.633889 0.131813 0.731007
0 0.179543 0.660042 0.099287 0.679915
