1 0.884375 0.58046875 0.0640625 0.1046875
1 0.24453125 0.5390625 0.06953125 0.1015625
0 0.891966 0.688072 0.120805 0.322039
0 0.228233 0.682634 0.155148 0.402680
0 0.755473 0.370001 0.114010 0.159044
0 0.523827 0.394588 0.100810 0.154964
0 0.619557 0.388118 0.095299 0.161603
0 0.677655 0.356119 0.083236 0.199791
0 0.469733 0.356435 0.077170 0.207633
0 0.301140 0.424683 0.094101 0.319156
0 0.420086 0.367210 0.094607 0.186048
0 0.375253 0.345973 0.105475 0.188390
0 0.556151 0.333349 0.095581 0.193427
