2 0.059375 0.36328125 0.053125 0.09921875
2 0.5625 0.3125 0.07265625 0.15625
2 0.92109375 0.26171875 0.0921875 0.18359375
0 0.072387 0.614428 0.143490 0.581517
0 0.882863 0.590291 0.233731 0.819419
0 0.317216 0.599996 0.100744 0.524020
0 0.191148 0.625630 0.111463 0.532878
0 0.549293 0.648194 0.209472 0.698309
0 0.708587 0.552942 0.101825 0.473361
0 0.389205 0.583793 0.099185 0.522207
0 0.467572 0.578961 0.089037 0.500002
0 0.552952 0.618741 0.156159 0.762518
0 0.133787 0.369510 0.071729 0.194397
0 0.245293 0.497443 0.081790 0.408162
0 0.450273 0.351399 0.050866 0.158228
