1 0.5140625 0.3453125 0.09453125 0.178125
1 0.25859375 0.34453125 0.075 0.140625
2 0.734375 0.3484375 0.0828125 0.15234375
0 0.233208 0.598504 0.132983 0.639554
0 0.056319 0.695369 0.112584 0.607184
0 0.881832 0.684061 0.234647 0.425087
0 0.740586 0.509166 0.279845 0.469391
0 0.188049 0.831860 0.220197 0.335676
0 0.350387 0.572255 0.132898 0.538864
0 0.088894 0.818408 0.096782 0.363183
0 0.460999 0.560392 0.197307 0.586854
0 0.575927 0.502079 0.142619 0.383517
0 0.665619 0.502730 0.141003 0.423209
