1 0.7640625 0.41484375 0.09453125 0.1609375
1 0.32734375 0.446875 0.05 0.10859375
1 0.57265625 0.44140625 0.0421875 0.084375
0 0.035008 0.553783 0.070017 0.427775
0 0.240181 0.548173 0.076387 0.328199
0 0.183208 0.542503 0.068289 0.328114
0 0.740707 0.663986 0.149516 0.672027
0 0.805824 0.655953 0.088571 0.377761
0 0.567062 0.633735 0.105373 0.471456
0 0.120124 0.537998 0.089897 0.300894
0 0.481253 0.675072 0.120841 0.541987
0 0.320845 0.713425 0.130437 0.572341
0 0.616204 0.645312 0.059058 0.390038
0 0.382775 0.687136 0.107428 0.511918
0 0.977984 0.741330 0.043571 0.405845
