4 0.3671875 0.70234375 0.09375 0.23359375
4 0.24140625 0.70390625 0.115625 0.265625
4 0.584375 0.7015625 0.08515625 0.21875
4 0.44609375 0.62421875 0.084375 0.1921875
4 0.65625 0.61015625 0.05703125 0.13359375
1 0.25234375 0.4953125 0.07578125 0.115625
1 0.45078125 0.471875 0.0453125 0.07734375
1 0.6515625 0.5078125 0.03984375 0.059375
0 0.246006 0.718338 0.134983 0.559372
0 0.565806 0.741425 0.130895 0.510428
0 0.658708 0.668122 0.084316 0.375769
0 0.354944 0.735626 0.130482 0.528749
0 0.442116 0.700815 0.100704 0.526339
