2 0.19296875 0.4578125 0.065625 0.09296875
2 0.68359375 0.4765625 0.0484375 0.0890625
0 0.747060 0.598624 0.193076 0.285015
0 0.641968 0.522515 0.151067 0.173835
0 0.412604 0.444850 0.082775 0.099530
0 0.196541 0.578903 0.144030 0.331643
0 0.089870 0.670680 0.179407 0.412952
0 0.486048 0.444986 0.055210 0.103468
0 0.621065 0.479722 0.085390 0.139004
0 0.288309 0.483298 0.131333 0.153465
0 0.250456 0.468429 0.063781 0.189941
0 0.564919 0.453270 0.052773 0.107532
0 0.598400 0.433821 0.032892 0.059608
