2 0.41875 0.459375 0.04140625 0.075
2 0.703125 0.49765625 0.04140625 0.078125
0 0.153064 0.571888 0.087709 0.303951
0 0.405844 0.661472 0.132191 0.441438
0 0.542028 0.694495 0.123915 0.462615
0 0.039331 0.575266 0.078662 0.340746
0 0.237996 0.541233 0.057155 0.217938
0 0.699718 0.715877 0.129688 0.502404
0 0.860729 0.732585 0.130549 0.508134
0 0.493610 0.613029 0.080481 0.323831
0 0.787865 0.675315 0.078402 0.377487
0 0.924508 0.650709 0.150530 0.696450
0 0.362984 0.592748 0.058893 0.294209
0 0.637882 0.619265 0.062596 0.268370
