3 0.4828125 0.45234375 0.07890625 0.1140625
3 0.13671875 0.428125 0.08046875 0.11171875
1 0.3828125 0.39375 0.046875 0.07109375
2 0.265625 0.37109375 0.0328125 0.0609375
0 0.135255 0.507070 0.089285 0.360008
0 0.479354 0.539711 0.098799 0.380718
0 0.964049 0.629590 0.071367 0.437941
0 0.242454 0.509357 0.088668 0.339725
0 0.037275 0.500315 0.074550 0.409404
0 0.371063 0.547054 0.082155 0.373675
0 0.667353 0.622225 0.115745 0.516054
0 0.837520 0.661101 0.148004 0.530268
0 0.580481 0.584366 0.094227 0.399079
0 0.327818 0.504703 0.059195 0.277711
0 0.894287 0.605873 0.063412 0.355234
