3 0.86015625 0.56171875 0.10859375 0.21328125
3 0.16953125 0.48984375 0.08828125 0.15703125
2 0.2875 0.375 0.040625 0.075
0 0.859344 0.649048 0.145643 0.528846
0 0.163588 0.543415 0.102496 0.383348
0 0.660049 0.563327 0.100208 0.371388
0 0.959980 0.529081 0.065844 0.237418
0 0.309897 0.550455 0.092880 0.413585
0 0.612657 0.542857 0.068361 0.342228
0 0.543411 0.551684 0.084993 0.424509
0 0.740433 0.511404 0.061244 0.252081
0 0.435800 0.552238 0.093927 0.430162
0 0.361315 0.542325 0.069299 0.369549
0 0.481549 0.556745 0.067676 0.395481
