2 0.21796875 0.3703125 0.08125 0.140625
2 0.4515625 0.378125 0.08203125 0.15234375
2 0.85078125 0.37890625 0.0765625 0.13984375
0 0.224952 0.522868 0.233560 0.443430
0 0.468446 0.493421 0.221182 0.384146
0 0.853287 0.654324 0.178300 0.679590
0 0.650948 0.464708 0.188007 0.328203
0 0.079265 0.651079 0.158531 0.692095
0 0.378308 0.525456 0.086695 0.321380
0 0.112448 0.443429 0.046703 0.128224
0 0.080519 0.830310 0.161038 0.338535
0 0.844882 0.440853 0.156011 0.254406
0 0.299879 0.430301 0.089474 0.168088
0 0.380519 0.480629 0.082435 0.230912
0 0.538184 0.370031 0.052445 0.104726
0 0.301159 0.516808 0.089061 0.332723
0 0.105590 0.445833 0.049097 0.141585
