2 0.17578125 0.45859375 0.03984375 0.0671875
2 0.43046875 0.42578125 0.028125 0.05703125
2 0.54453125 0.4328125 0.02734375 0.05
2 0.63046875 0.425 0.03515625 0.04765625
0 0.280863 0.616417 0.092524 0.356711
0 0.177918 0.641002 0.091532 0.407804
0 0.428613 0.583378 0.096143 0.365132
0 0.776164 0.500628 0.052491 0.181955
0 0.548890 0.569117 0.099437 0.297542
0 0.636745 0.550487 0.086276 0.296314
0 0.722713 0.515351 0.044976 0.214606
0 0.682745 0.533634 0.057540 0.257626
0 0.507691 0.562456 0.060572 0.291982
0 0.692003 0.532163 0.045979 0.253410
