3 0.58125 0.58984375 0.09765625 0.19921875
3 0.4171875 0.55546875 0.09140625 0.16171875
2 0.29609375 0.45546875 0.06015625 0.07890625
0 0.586879 0.667224 0.142353 0.488386
0 0.782705 0.714936 0.160913 0.570128
0 0.209950 0.609123 0.071828 0.425080
0 0.956351 0.675099 0.077310 0.424616
0 0.420684 0.625464 0.109748 0.411601
0 0.280455 0.678409 0.115655 0.525865
0 0.357663 0.608123 0.068564 0.372615
0 0.862408 0.704961 0.090689 0.462697
0 0.674855 0.656659 0.065759 0.448962
0 0.511692 0.611551 0.055961 0.328514
0 0.497009 0.618456 0.083959 0.360478
0 0.475121 0.619511 0.074691 0.372135
