1 0.4765625 0.38203125 0.0390625 0.071875
2 0.3609375 0.43125 0.0328125 0.06171875
1 0.2421875 0.43203125 0.034375 0.06875
2 0.58984375 0.40859375 0.03203125 0.0546875
0 0.364240 0.578289 0.084831 0.354135
0 0.480791 0.549395 0.103467 0.408349
0 0.233037 0.577584 0.089422 0.358867
0 0.871883 0.514354 0.075579 0.318313
0 0.802547 0.549553 0.089092 0.337645
0 0.626866 0.569405 0.094840 0.343307
0 0.746373 0.493820 0.068241 0.286785
0 0.546872 0.555380 0.052882 0.329956
0 0.580133 0.561222 0.067341 0.342682
