2 0.41328125 0.55546875 0.05390625 0.09765625
2 0.73515625 0.53671875 0.04453125 0.08359375
2 0.634375 0.56328125 0.0484375 0.07109375
1 0.22734375 0.53828125 0.0484375 0.08828125
1 0.9 0.5734375 0.08125 0.12109375
3 0.41484375 0.690625 0.1171875 0.2078125
3 0.64375 0.69375 0.09765625 0.20078125
0 0.514750 0.692890 0.096589 0.355478
0 0.224181 0.670861 0.112548 0.357042
0 0.751080 0.696199 0.120144 0.388978
0 0.644327 0.703340 0.112475 0.357396
0 0.086630 0.679832 0.168722 0.321739
0 0.409233 0.685693 0.143225 0.349701
0 0.925100 0.709883 0.147194 0.386924
0 0.820584 0.710440 0.131973 0.368083
0 0.034901 0.668249 0.069803 0.333942
0 0.346779 0.689079 0.087625 0.332629
0 0.593369 0.690763 0.055886 0.345506
0 0.145795 0.659502 0.078322 0.370549
0 0.975788 0.712590 0.047689 0.379475
0 0.879602 0.709922 0.238490 0.382065
0 0.469306 0.562534 0.044788 0.076880
0 0.335407 0.583073 0.056562 0.126044
0 0.593718 0.599103 0.052158 0.168184
