2 0.53125 0.3625 0.07578125 0.11796875
2 0.91328125 0.31328125 0.05859375 0.103125
2 0.675 0.3046875 0.07109375 0.1109375
1 0.8 0.36640625 0.065625 0.11953125
3 0.53515625 0.53203125 0.1578125 0.2296875
3 0.92578125 0.50625 0.10390625 0.27734375
0 0.098070 0.622332 0.195960 0.754063
0 0.249831 0.635763 0.186626 0.728474
0 0.680694 0.611875 0.188109 0.722706
0 0.920996 0.603380 0.135638 0.671253
0 0.607033 0.647356 0.331579 0.703969
0 0.440360 0.574466 0.134578 0.559809
0 0.773222 0.645765 0.139613 0.677914
0 0.332844 0.429856 0.089642 0.305720
0 0.442066 0.501900 0.126747 0.415551
