4 0.375 0.8171875 0.0609375 0.125
4 0.55703125 0.82265625 0.0453125 0.121875
4 0.62734375 0.8203125 0.04765625 0.115625
4 0.90390625 0.7515625 0.04375 0.10234375
1 0.6140625 0.72890625 0.03125 0.053125
1 0.8953125 0.671875 0.028125 0.04765625
0 0.903313 0.792508 0.047315 0.288080
0 0.331529 0.837460 0.080017 0.324946
0 0.437078 0.785052 0.060702 0.282119
0 0.482310 0.770158 0.046672 0.274418
0 0.621710 0.851167 0.065422 0.297666
0 0.833129 0.896088 0.075210 0.205223
0 0.560063 0.841232 0.078691 0.256676
