3 0.81328125 0.45 0.03359375 0.05625
3 0.70546875 0.3859375 0.034375 0.05859375
3 0.2296875 0.5015625 0.034375 0.05546875
1 0.81171875 0.40703125 0.01796875 0.025
1 0.70078125 0.33828125 0.02109375 0.028125
0 0.811461 0.472467 0.050385 0.153368
0 0.159545 0.463424 0.036614 0.111659
0 0.231905 0.507299 0.052732 0.115589
0 0.188610 0.469746 0.028483 0.112895
0 0.430934 0.541799 0.025472 0.060289
0 0.700539 0.429812 0.051813 0.179385
0 0.918450 0.485801 0.043909 0.068473
0 0.748495 0.449818 0.027204 0.083490
