2 0.79296875 0.7390625 0.034375 0.05625
2 0.5703125 0.72265625 0.01796875 0.03671875
2 0.5859375 0.71328125 0.0203125 0.03125
2 0.640625 0.70546875 0.01875 0.02578125
2 0.8921875 0.75390625 0.03125 0.053125
2 0.9046875 0.69453125 0.02109375 0.03046875
2 0.13125 0.74296875 0.02421875 0.0375
2 0.18125 0.7359375 0.02578125 0.04375
0 0.203175 0.859711 0.099400 0.271856
0 0.794829 0.854096 0.100412 0.291588
0 0.897304 0.863268 0.084725 0.271898
0 0.586378 0.830764 0.069156 0.251172
0 0.294587 0.807790 0.063305 0.166168
0 0.677298 0.794705 0.044592 0.174030
0 0.639362 0.781972 0.041392 0.175219
0 0.752986 0.796815 0.049032 0.204471
0 0.454113 0.848660 0.060153 0.198487
0 0.368579 0.780323 0.038386 0.131820
0 0.134617 0.836438 0.051360 0.226447
0 0.395080 0.824681 0.071075 0.171285
0 0.510642 0.826778 0.073157 0.235058
0 0.267779 0.774120 0.037719 0.149135
