2 0.0921875 0.3125 0.09453125 0.15546875
2 0.23671875 0.4203125 0.08203125 0.12421875
2 0.38984375 0.35546875 0.0875 0.165625
2 0.5390625 0.3828125 0.08125 0.13828125
2 0.7234375 0.2015625 0.12109375 0.21328125
3 0.5453125 0.69140625 0.14921875 0.4140625
3 0.25234375 0.621875 0.14296875 0.25703125
3 0.1046875 0.51796875 0.153125 0.26953125
3 0.75390625 0.571875 0.18125 0.51953125
0 0.093255 0.616182 0.182844 0.764930
0 0.539282 0.655138 0.168216 0.689402
0 0.399178 0.637640 0.175514 0.724721
0 0.743955 0.547921 0.220669 0.903103
0 0.241767 0.672579 0.182001 0.654841
