4 0.271875 0.4828125 0.15078125 0.2671875
4 0.55859375 0.48359375 0.1234375 0.25859375
2 0.275 0.2890625 0.06328125 0.1265625
2 0.5328125 0.296875 0.06171875 0.1109375
0 0.227106 0.610098 0.251755 0.779804
0 0.506784 0.628510 0.221738 0.741763
0 0.350142 0.676336 0.039750 0.236142
0 0.060202 0.674139 0.021145 0.073274
0 0.959071 0.711307 0.018881 0.056257
0 0.718189 0.675023 0.013193 0.049797
0 0.608499 0.711773 0.023819 0.088470
0 0.765214 0.716290 0.018736 0.039959
0 0.064872 0.674779 0.023928 0.072807
0 0.989354 0.727705 0.020752 0.093257
0 0.070793 0.676772 0.020853 0.069389
