2 0.1390625 0.53046875 0.103125 0.10859375
2 0.55390625 0.57109375 0.1078125 0.10703125
2 0.95703125 0.609375 0.078125 0.0859375
3 0.540625 0.78671875 0.2125 0.3078125
3 0.29453125 0.8140625 0.2328125 0.34375
3 0.73515625 0.7703125 0.165625 0.196875
0 0.537464 0.758559 0.239567 0.481715
0 0.123851 0.737633 0.247176 0.519889
0 0.290308 0.759814 0.294446 0.479371
0 0.740795 0.789126 0.190881 0.420401
0 0.939067 0.781987 0.121187 0.429935
0 0.224997 0.576160 0.077741 0.120490
0 0.818146 0.598157 0.057051 0.129203
0 0.393697 0.577694 0.038488 0.111450
0 0.442682 0.581970 0.038820 0.119196
0 0.656904 0.642097 0.076707 0.158294
0 0.082253 0.587560 0.057979 0.055342
0 0.956668 0.876929 0.086249 0.245090
