3 0.4078125 0.778125 0.06875 0.1265625
3 0.5171875 0.76796875 0.05234375 0.12734375
3 0.278125 0.790625 0.04609375 0.12421875
2 0.3546875 0.69453125 0.0265625 0.05
2 0.409375 0.68203125 0.0359375 0.053125
2 0.45546875 0.703125 0.02890625 0.05703125
2 0.5078125 0.68125 0.03046875 0.040625
2 0.2984375 0.6984375 0.03359375 0.0515625
0 0.512187 0.828610 0.077810 0.340931
0 0.405820 0.823672 0.084548 0.340717
0 0.343213 0.827927 0.068813 0.318884
0 0.329469 0.827362 0.078501 0.316454
0 0.452668 0.829939 0.043303 0.307486
0 0.302599 0.822916 0.106828 0.304390
0 0.453419 0.786828 0.043855 0.221870
