2 0.2265625 0.4171875 0.071875 0.13125
2 0.50390625 0.4796875 0.05625 0.0984375
2 0.61015625 0.51171875 0.05625 0.0953125
2 0.73046875 0.5328125 0.0609375 0.0953125
2 0.87265625 0.47421875 0.0734375 0.121875
4 0.21484375 0.671875 0.1953125 0.37578125
4 0.49453125 0.66328125 0.12109375 0.26953125
4 0.8875 0.67109375 0.1390625 0.26953125
0 0.207234 0.677612 0.233734 0.644777
0 0.488527 0.713273 0.160375 0.571756
0 0.890009 0.707683 0.164899 0.579313
0 0.618114 0.730376 0.142178 0.537794
0 0.745424 0.739787 0.138945 0.520426
