3 0.325 0.63203125 0.1390625 0.25859375
3 0.484375 0.625 0.15078125 0.26796875
2 0.74375 0.3296875 0.08828125 0.13046875
2 0.23046875 0.365625 0.08828125 0.12578125
2 0.40625 0.3625 0.071875 0.11796875
2 0.590625 0.35703125 0.0609375 0.103125
0 0.324984 0.684900 0.158068 0.630201
0 0.483184 0.683306 0.168841 0.631904
0 0.668517 0.684425 0.178092 0.628475
0 0.220370 0.648854 0.142230 0.693570
0 0.752958 0.627362 0.140870 0.722437
0 0.413274 0.473911 0.100433 0.340783
0 0.585320 0.488085 0.102350 0.367506
