2 0.1953125 0.3640625 0.0671875 0.08515625
2 0.3296875 0.3296875 0.06796875 0.1
2 0.44453125 0.32421875 0.05 0.1046875
2 0.58359375 0.34453125 0.05859375 0.0984375
2 0.71953125 0.3515625 0.05234375 0.084375
2 0.8265625 0.3453125 0.05546875 0.1
3 0.71328125 0.49609375 0.11796875 0.171875
3 0.83671875 0.4859375 0.13046875 0.171875
3 0.58046875 0.48359375 0.121875 0.1828125
3 0.4484375 0.478125 0.1390625 0.18828125
3 0.321875 0.475 0.1296875 0.18203125
3 0.18828125 0.49453125 0.13203125 0.1703125
0 0.843142 0.580631 0.167059 0.572131
0 0.712710 0.593629 0.137562 0.557676
0 0.435873 0.549662 0.177630 0.546490
0 0.579991 0.570849 0.128581 0.553713
0 0.190112 0.579675 0.142091 0.521488
0 0.303364 0.558322 0.169528 0.556870
