1 0.22265625 0.30703125 0.1171875 0.2046875
1 0.36796875 0.36640625 0.09609375 0.17265625
1 0.5046875 0.28984375 0.09921875 0.1921875
1 0.65546875 0.340625 0.10859375 0.18671875
1 0.7890625 0.26640625 0.11796875 0.2328125
4 0.19140625 0.68203125 0.21953125 0.45234375
4 0.34921875 0.71875 0.15546875 0.4828125
4 0.5171875 0.62734375 0.1796875 0.44453125
4 0.84375 0.621875 0.20703125 0.4921875
0 0.832646 0.576463 0.253848 0.847073
0 0.195285 0.599039 0.232543 0.801747
0 0.517105 0.596583 0.199273 0.795492
0 0.359189 0.641548 0.174312 0.716903
0 0.658197 0.623264 0.172276 0.753471
