3 0.46328125 0.4625 0.16875 0.33828125
3 0.28203125 0.5734375 0.17890625 0.334375
2 0.46484375 0.20234375 0.0796875 0.16171875
2 0.65546875 0.31171875 0.090625 0.1875
2 0.090625 0.22734375 0.07890625 0.1390625
2 0.828125 0.2265625 0.0859375 0.153125
2 0.90390625 0.2453125 0.0640625 0.1453125
0 0.458342 0.585754 0.186366 0.826624
0 0.080084 0.577768 0.147659 0.836118
0 0.673400 0.594510 0.241968 0.810980
0 0.272723 0.604109 0.197112 0.788184
0 0.756262 0.597710 0.144352 0.804580
0 0.167590 0.601214 0.120578 0.793913
0 0.914271 0.587966 0.132423 0.824069
0 0.875263 0.586203 0.200824 0.827595
0 0.847087 0.408944 0.137881 0.516175
