2 0.3640625 0.18125 0.0546875 0.13359375
2 0.60234375 0.14140625 0.06171875 0.1359375
2 0.80546875 0.1359375 0.059375 0.1265625
2 0.4796875 0.20703125 0.06015625 0.1078125
3 0.603125 0.34921875 0.1640625 0.29375
3 0.346875 0.36875 0.13671875 0.2671875
3 0.8109375 0.325 0.17265625 0.25390625
0 0.808537 0.498383 0.188106 0.853617
0 0.036074 0.461366 0.072149 0.617511
0 0.343968 0.519724 0.197731 0.797650
0 0.614430 0.499735 0.205397 0.829906
0 0.922372 0.496260 0.077726 0.303032
0 0.477975 0.532108 0.131433 0.767230
0 0.163482 0.474616 0.100422 0.353909
0 0.186090 0.472523 0.058175 0.355147
0 0.875703 0.491805 0.047321 0.276531
