2 0.06328125 0.37890625 0.0625 0.08984375
2 0.31328125 0.45703125 0.053125 0.09375
2 0.5765625 0.56015625 0.05 0.08828125
1 0.721875 0.428125 0.0828125 0.13828125
0 0.076946 0.665720 0.153893 0.668560
0 0.195810 0.687705 0.121862 0.624590
0 0.906103 0.661910 0.186613 0.675342
0 0.412032 0.702414 0.123740 0.595171
0 0.319361 0.698424 0.105549 0.577763
0 0.714079 0.663720 0.255117 0.606761
0 0.583836 0.634930 0.078271 0.245903
0 0.805533 0.445499 0.059703 0.147657
0 0.858215 0.438317 0.081948 0.172217
0 0.883141 0.475612 0.123545 0.237503
0 0.486965 0.559964 0.110342 0.249077
0 0.481679 0.707528 0.120463 0.548689
