4 0.83203125 0.5484375 0.14609375 0.18359375
4 0.25 0.37265625 0.134375 0.26015625
4 0.525 0.54609375 0.12578125 0.17890625
4 0.6953125 0.56171875 0.128125 0.16640625
0 0.420283 0.422743 0.162829 0.429296
0 0.250323 0.392648 0.179252 0.495785
0 0.698112 0.536092 0.136306 0.274734
0 0.619446 0.400612 0.125430 0.451120
0 0.834341 0.494501 0.177207 0.297437
0 0.740061 0.336170 0.167737 0.352745
0 0.519171 0.316323 0.108111 0.248510
0 0.539430 0.635925 0.178156 0.526904
0 0.468345 0.210724 0.067603 0.167985
0 0.338397 0.645209 0.198607 0.529688
0 0.838563 0.622362 0.187321 0.555156
0 0.347178 0.252907 0.088083 0.184314
0 0.679708 0.222643 0.059216 0.146277
0 0.695732 0.644144 0.143419 0.509117
0 0.335972 0.556018 0.189808 0.343818
