1 0.24765625 0.4484375 0.05625 0.09609375
1 0.44296875 0.4296875 0.0453125 0.08203125
0 0.419263 0.670071 0.143987 0.524607
0 0.867177 0.613389 0.099165 0.406545
0 0.216915 0.672719 0.164481 0.544225
0 0.646533 0.642128 0.096002 0.441258
0 0.742908 0.583621 0.076042 0.346468
0 0.070538 0.509540 0.072800 0.301720
0 0.300534 0.625252 0.089664 0.391115
0 0.045276 0.673528 0.090553 0.650373
0 0.065960 0.674135 0.131000 0.650105
0 0.561762 0.573679 0.094757 0.346191
0 0.578365 0.564102 0.062418 0.321557
0 0.796439 0.551452 0.049861 0.212995
