2 0.1 0.38125 0.04765625 0.0828125
1 0.71328125 0.2796875 0.0421875 0.0890625
1 0.8125 0.34921875 0.04921875 0.10390625
1 0.9390625 0.3234375 0.05390625 0.0953125
3 0.72109375 0.43515625 0.0640625 0.2015625
0 0.925940 0.584379 0.144932 0.621269
0 0.112185 0.620778 0.103104 0.569027
0 0.714072 0.535992 0.097740 0.579308
0 0.608751 0.540850 0.077882 0.447361
0 0.215308 0.491148 0.069629 0.339181
0 0.814002 0.570774 0.145490 0.570046
0 0.017806 0.476657 0.035613 0.297030
0 0.261229 0.495493 0.061875 0.347517
0 0.401882 0.505851 0.062717 0.366723
0 0.162023 0.478419 0.064651 0.335809
0 0.723125 0.483901 0.084389 0.494971
0 0.455073 0.524096 0.078455 0.418926
0 0.309213 0.490572 0.066959 0.355848
0 0.514171 0.514392 0.068771 0.374460
0 0.662287 0.518340 0.063091 0.360386
0 0.558115 0.515840 0.063048 0.379428
0 0.799431 0.566386 0.093615 0.559678
0 0.436622 0.516866 0.093410 0.407346
0 0.196870 0.488501 0.105424 0.335683
0 0.367773 0.506236 0.055157 0.390928
0 0.859249 0.548230 0.098334 0.534101
0 0.666222 0.573482 0.055432 0.293893
