2 0.4875 0.36484375 0.046875 0.09140625
2 0.65078125 0.3828125 0.0375 0.071875
2 0.328125 0.3484375 0.0453125 0.0734375
0 0.138366 0.515185 0.110654 0.512339
0 0.887631 0.542700 0.071014 0.221946
0 0.485801 0.583441 0.108958 0.503769
0 0.334439 0.558199 0.118790 0.485941
0 0.236203 0.556254 0.126793 0.582923
0 0.583605 0.572561 0.069215 0.460669
0 0.690921 0.565496 0.156420 0.494553
0 0.776709 0.569337 0.111137 0.488483
0 0.425366 0.400502 0.073263 0.168686
0 0.646381 0.549434 0.080520 0.392706
0 0.421188 0.515348 0.082322 0.401755
