2 0.31171875 0.6015625 0.05859375 0.11328125
2 0.459375 0.64140625 0.06484375 0.1140625
2 0.62734375 0.603125 0.05234375 0.1046875
0 0.469032 0.793207 0.157982 0.412713
0 0.323786 0.770814 0.155009 0.457329
0 0.861810 0.756322 0.167634 0.486210
0 0.621564 0.771579 0.170358 0.455765
0 0.960922 0.796272 0.077821 0.407457
0 0.971819 0.532885 0.055817 0.213532
0 0.060319 0.825338 0.116050 0.348718
0 0.767000 0.758022 0.099994 0.479867
0 0.407159 0.586420 0.109907 0.188352
0 0.137068 0.770401 0.238020 0.456272
0 0.241856 0.525127 0.117310 0.293652
0 0.085181 0.599107 0.100258 0.174142
