3 0.5828125 0.834375 0.13125 0.23125
1 0.56796875 0.6578125 0.06640625 0.134375
3 0.21015625 0.7859375 0.05859375 0.12265625
3 0.10859375 0.809375 0.06171875 0.1421875
0 0.032637 0.849704 0.065274 0.300591
0 0.583409 0.795381 0.163567 0.408437
0 0.208171 0.834635 0.075599 0.321621
0 0.109376 0.845844 0.073885 0.308312
0 0.497850 0.778737 0.068437 0.208056
0 0.155432 0.817234 0.055368 0.295650
0 0.296269 0.725012 0.029853 0.110465
0 0.381722 0.719907 0.022977 0.094633
0 0.404549 0.722051 0.028325 0.086615
0 0.360507 0.723776 0.029367 0.097877
