2 0.52265625 0.2671875 0.05078125 0.0984375
2 0.38046875 0.2578125 0.0625 0.09375
3 0.51484375 0.4125 0.10234375 0.17734375
3 0.36015625 0.4171875 0.09765625 0.203125
0 0.948881 0.510289 0.101497 0.539762
0 0.513647 0.535330 0.138624 0.619573
0 0.037326 0.464020 0.074652 0.414975
0 0.371941 0.551923 0.157480 0.681285
0 0.796810 0.503854 0.115076 0.507738
0 0.164053 0.589767 0.222594 0.798103
0 0.627305 0.521228 0.096008 0.575612
0 0.691204 0.523194 0.122297 0.533148
0 0.744447 0.319136 0.054654 0.158784
0 0.313448 0.443503 0.087830 0.499676
0 0.215322 0.453820 0.106514 0.434208
0 0.682601 0.579929 0.141055 0.660444
0 0.440986 0.411055 0.061548 0.365902
0 0.052569 0.362033 0.054680 0.134033
0 0.021615 0.464025 0.043217 0.425036
