3 0.3109375 0.5421875 0.140625 0.27578125
3 0.48515625 0.4890625 0.12265625 0.18671875
3 0.79921875 0.54765625 0.1359375 0.259375
3 0.10625 0.56875 0.14375 0.28359375
1 0.80234375 0.35703125 0.05703125 0.10703125
1 0.49296875 0.3359375 0.05625 0.1109375
1 0.2984375 0.33671875 0.06328125 0.11875
0 0.103646 0.657755 0.174064 0.684491
0 0.804032 0.646704 0.164690 0.688477
0 0.484863 0.621800 0.169919 0.673134
0 0.306696 0.638358 0.191445 0.712157
0 0.602627 0.617103 0.092583 0.549793
0 0.220303 0.627346 0.107587 0.658468
0 0.691922 0.618415 0.128740 0.616433
0 0.372076 0.577402 0.092815 0.591039
0 0.635729 0.413063 0.036019 0.073046
