2 0.1765625 0.41796875 0.0640625 0.090625
2 0.4375 0.44140625 0.05078125 0.0828125
2 0.55703125 0.459375 0.0578125 0.09140625
2 0.26171875 0.42578125 0.04296875 0.08046875
0 0.173470 0.690311 0.171524 0.618729
0 0.424901 0.672888 0.135297 0.538912
0 0.912638 0.691086 0.174208 0.614607
0 0.669944 0.647506 0.122062 0.497492
0 0.546899 0.704887 0.146821 0.590226
0 0.275440 0.633440 0.127229 0.490601
0 0.769291 0.642378 0.141716 0.486795
0 0.031580 0.830323 0.062871 0.337351
0 0.318948 0.563883 0.069048 0.310195
0 0.375221 0.556731 0.068273 0.308913
0 0.862364 0.624095 0.118953 0.447731
0 0.869251 0.693991 0.124540 0.590701
0 0.061984 0.718537 0.123968 0.554123
