1 0.4125 0.503125 0.065625 0.10390625
1 0.60625 0.475 0.06171875 0.11484375
2 0.921875 0.4828125 0.0453125 0.0875
0 0.623861 0.708745 0.180082 0.579633
0 0.935587 0.692923 0.120953 0.509983
0 0.825727 0.711577 0.143821 0.562501
0 0.418780 0.727210 0.144001 0.545580
0 0.275476 0.713299 0.154856 0.572408
0 0.122123 0.604672 0.045752 0.241752
0 0.509304 0.719954 0.107972 0.547810
0 0.029770 0.662020 0.059541 0.335966
0 0.754519 0.549523 0.048109 0.160163
0 0.708637 0.566945 0.055647 0.164447
0 0.015202 0.662821 0.030260 0.326091
0 0.562176 0.510064 0.048304 0.073553
