3 0.2578125 0.5375 0.15078125 0.278125
3 0.4359375 0.53515625 0.128125 0.23125
1 0.44375 0.346875 0.065625 0.13125
1 0.80234375 0.33515625 0.090625 0.1609375
3 0.64609375 0.528125 0.12734375 0.2359375
0 0.826066 0.626962 0.204303 0.746076
0 0.254159 0.636858 0.203592 0.726283
0 0.437487 0.647126 0.172051 0.705749
0 0.038567 0.629737 0.077134 0.733333
0 0.618297 0.638907 0.214963 0.720584
0 0.169226 0.545177 0.090890 0.498686
0 0.368341 0.406527 0.081351 0.206732
0 0.328078 0.383233 0.026670 0.107457
0 0.562137 0.634199 0.108020 0.718961
0 0.217166 0.380625 0.045367 0.095267
