1 0.14921875 0.3140625 0.0546875 0.1140625
1 0.265625 0.28515625 0.0515625 0.10859375
1 0.74921875 0.24296875 0.0734375 0.12734375
1 0.3796875 0.23828125 0.07109375 0.1453125
0 0.040264 0.517348 0.080529 0.337454
0 0.360253 0.584995 0.167821 0.826370
0 0.735237 0.589851 0.153834 0.788336
0 0.878219 0.587084 0.167323 0.811725
0 0.255280 0.537904 0.112429 0.632924
0 0.588174 0.601572 0.118956 0.780976
0 0.488311 0.579349 0.147449 0.833609
0 0.139148 0.560428 0.131255 0.605338
0 0.957753 0.526299 0.083830 0.504626
0 0.670160 0.505253 0.065064 0.422143
0 0.972593 0.514538 0.054121 0.536275
