3 0.39453125 0.475 0.1296875 0.17421875
3 0.2734375 0.46875 0.1015625 0.1765625
3 0.53828125 0.48828125 0.12109375 0.1765625
2 0.73984375 0.34375 0.075 0.11953125
2 0.8734375 0.39140625 0.0578125 0.09296875
0 0.292132 0.592655 0.160025 0.616914
0 0.074061 0.545726 0.101126 0.439450
0 0.394787 0.599684 0.144102 0.588335
0 0.899136 0.632943 0.117931 0.569168
0 0.534532 0.614070 0.139806 0.623382
0 0.217490 0.445525 0.052916 0.186229
0 0.742140 0.643172 0.135766 0.713657
0 0.632778 0.630475 0.120342 0.682622
0 0.124595 0.414949 0.042566 0.126916
0 0.126915 0.438392 0.038225 0.178639
0 0.971165 0.605428 0.056574 0.508807
0 0.824341 0.543051 0.086014 0.361604
0 0.454346 0.569799 0.066421 0.492786
0 0.947240 0.421655 0.057556 0.123634
