3 0.55 0.5234375 0.06875 0.1203125
3 0.67578125 0.52421875 0.0671875 0.125
1 0.26640625 0.44296875 0.03671875 0.0609375
1 0.83203125 0.3953125 0.0484375 0.075
0 0.185585 0.617410 0.091250 0.397397
0 0.837017 0.591245 0.131824 0.458536
0 0.550090 0.594573 0.084827 0.380462
0 0.267526 0.605038 0.064288 0.380524
0 0.368177 0.605804 0.067194 0.307930
0 0.482267 0.594055 0.068426 0.362121
0 0.683439 0.603389 0.090828 0.438348
0 0.423354 0.597222 0.073586 0.374418
0 0.752994 0.327772 0.064710 0.078266
0 0.622790 0.525236 0.024056 0.093236
