3 0.17578125 0.60859375 0.3515625 0.4390625
2 0.3265625 0.259375 0.109375 0.09609375
2 0.5296875 0.24296875 0.08828125 0.09765625
0 0.217185 0.624011 0.434371 0.749040
0 0.617851 0.440257 0.189839 0.422601
0 0.050869 0.337161 0.101114 0.201249
0 0.355272 0.471751 0.197473 0.538625
0 0.539582 0.439515 0.286276 0.482465
0 0.646836 0.284335 0.074035 0.099537
0 0.414431 0.306327 0.098408 0.195215
0 0.302011 0.469428 0.130305 0.217736
0 0.633716 0.266364 0.050197 0.061769
0 0.307826 0.551657 0.141918 0.377029
0 0.496473 0.440602 0.199484 0.481810
