4 0.59453125 0.44453125 0.10625 0.1953125
4 0.396875 0.27421875 0.08125 0.13671875
4 0.82734375 0.4453125 0.10234375 0.196875
1 0.59765625 0.29609375 0.053125 0.08671875
1 0.1546875 0.271875 0.04140625 0.07265625
1 0.4453125 0.20234375 0.0421875 0.07265625
0 0.577757 0.532867 0.180878 0.557916
0 0.404699 0.370311 0.132771 0.402688
0 0.141570 0.432147 0.110153 0.386205
0 0.795689 0.556590 0.206505 0.605138
0 0.734369 0.517476 0.126036 0.535271
0 0.875952 0.408630 0.101977 0.348324
0 0.876569 0.493312 0.102315 0.525444
