4 0.2828125 0.425 0.1734375 0.32265625
4 0.53046875 0.37890625 0.06796875 0.1328125
4 0.6859375 0.5359375 0.10703125 0.1828125
4 0.7609375 0.31875 0.06953125 0.1484375
1 0.5203125 0.27734375 0.0453125 0.05859375
1 0.76796875 0.21015625 0.0484375 0.05546875
1 0.59609375 0.4859375 0.065625 0.1140625
0 0.759766 0.368059 0.081485 0.367856
0 0.538433 0.412204 0.111253 0.324044
0 0.290584 0.446726 0.318815 0.885270
0 0.630401 0.322033 0.072374 0.246662
0 0.662528 0.626313 0.160163 0.377445
0 0.685114 0.633179 0.114328 0.341166
