3 0.52421875 0.8015625 0.21328125 0.17421875
2 0.51328125 0.67421875 0.08984375 0.065625
3 0.1953125 0.82890625 0.2015625 0.16875
2 0.2109375 0.70625 0.1125 0.08125
1 0.8296875 0.7734375 0.13828125 0.10234375
0 0.518803 0.822327 0.272724 0.355259
0 0.213400 0.832211 0.244728 0.334499
0 0.299184 0.683794 0.128036 0.229068
0 0.274068 0.245891 0.187136 0.262684
0 0.812000 0.568458 0.201189 0.343561
0 0.749247 0.861217 0.405731 0.276500
0 0.829326 0.631401 0.159037 0.202903
0 0.198094 0.585915 0.095589 0.115030
0 0.135478 0.739925 0.243204 0.373505
