2 0.56640625 0.58125 0.02578125 0.03828125
2 0.5265625 0.603125 0.01875 0.03359375
2 0.82109375 0.559375 0.03984375 0.06015625
2 0.92890625 0.603125 0.07578125 0.090625
2 0.6734375 0.60859375 0.0265625 0.05078125
2 0.7125 0.56796875 0.021875 0.0296875
2 0.440625 0.58359375 0.0203125 0.02734375
2 0.3890625 0.59765625 0.0171875 0.02578125
0 0.061706 0.793502 0.123413 0.410744
0 0.162707 0.832350 0.180425 0.334299
0 0.818874 0.727977 0.094801 0.397439
0 0.915539 0.782153 0.135115 0.435357
0 0.669630 0.750833 0.100995 0.346853
0 0.260680 0.753150 0.120506 0.360741
0 0.524517 0.687084 0.048537 0.202913
0 0.574463 0.705299 0.066394 0.278008
0 0.445797 0.673920 0.053631 0.208970
0 0.723094 0.669738 0.058327 0.233128
0 0.414903 0.673594 0.037469 0.184282
