2 0.31953125 0.65 0.07421875 0.090625
2 0.4453125 0.728125 0.0625 0.0890625
2 0.69765625 0.64921875 0.04296875 0.05546875
2 0.790625 0.60234375 0.03203125 0.04765625
2 0.9734375 0.653125 0.04765625 0.07109375
2 0.85546875 0.6328125 0.03203125 0.04453125
2 0.6578125 0.61484375 0.0203125 0.02890625
0 0.030897 0.808865 0.061795 0.380067
0 0.693702 0.813468 0.108841 0.372529
0 0.322406 0.801280 0.179291 0.395625
0 0.471251 0.832996 0.149892 0.333060
0 0.791316 0.752276 0.098588 0.339763
0 0.953372 0.807873 0.092850 0.383784
0 0.849016 0.726974 0.062398 0.235555
0 0.911827 0.715642 0.089503 0.285941
0 0.533001 0.693464 0.056084 0.182382
0 0.242435 0.800660 0.108519 0.396453
0 0.598979 0.709135 0.054729 0.208867
