2 0.2375 0.44609375 0.05078125 0.0703125
2 0.3734375 0.45546875 0.04453125 0.06796875
2 0.93671875 0.4765625 0.03828125 0.05234375
2 0.5296875 0.46875 0.059375 0.07578125
2 0.6453125 0.4515625 0.07109375 0.10703125
0 0.108726 0.690595 0.217397 0.616390
0 0.229280 0.493961 0.137164 0.170037
0 0.937468 0.504265 0.072679 0.103296
0 0.739025 0.531575 0.098745 0.126680
0 0.370033 0.555988 0.081817 0.269949
0 0.643465 0.619548 0.194238 0.445074
0 0.506261 0.553900 0.126516 0.243822
0 0.861792 0.657149 0.144892 0.483726
