4 0.08125 0.44609375 0.11640625 0.2359375
4 0.66015625 0.48046875 0.1234375 0.25546875
3 0.48046875 0.609375 0.1 0.1625
3 0.2796875 0.6015625 0.06640625 0.175
2 0.09296875 0.271875 0.05390625 0.10546875
2 0.64609375 0.30078125 0.0625 0.1078125
2 0.48125 0.49375 0.05078125 0.09375
2 0.9203125 0.471875 0.06953125 0.09921875
0 0.935812 0.675778 0.127754 0.499367
0 0.477547 0.673660 0.109514 0.452948
0 0.236555 0.646968 0.146913 0.378767
0 0.089797 0.572904 0.117320 0.710761
0 0.662717 0.606989 0.138979 0.680096
