4 0.1421875 0.621875 0.128125 0.2828125
4 0.28359375 0.62578125 0.14375 0.30234375
4 0.42109375 0.62109375 0.14296875 0.315625
4 0.77890625 0.49140625 0.17578125 0.23515625
4 0.921875 0.5859375 0.13515625 0.3203125
1 0.14765625 0.39765625 0.06484375 0.12578125
1 0.29921875 0.3859375 0.065625 0.128125
1 0.42734375 0.36640625 0.07734375 0.13046875
1 0.5765625 0.29453125 0.075 0.15078125
1 0.7640625 0.28671875 0.0828125 0.14921875
1 0.88671875 0.3390625 0.07265625 0.1234375
0 0.139890 0.673730 0.157005 0.651751
0 0.775715 0.613797 0.186319 0.772405
0 0.915999 0.638762 0.155710 0.722476
0 0.575295 0.613360 0.196232 0.773279
0 0.427231 0.646138 0.157819 0.707724
0 0.283459 0.664686 0.154058 0.670628
