4 0.125 0.64375 0.17734375 0.34296875
4 0.334375 0.6828125 0.17421875 0.37578125
3 0.5140625 0.68125 0.1734375 0.38671875
1 0.13984375 0.38203125 0.08671875 0.16640625
1 0.340625 0.4046875 0.084375 0.16328125
1 0.50546875 0.3921875 0.08671875 0.17578125
1 0.65859375 0.41953125 0.08671875 0.18203125
1 0.87734375 0.36796875 0.09453125 0.190625
0 0.507164 0.657337 0.189490 0.684841
0 0.143013 0.650208 0.206248 0.696727
0 0.337540 0.661657 0.176599 0.673903
0 0.684942 0.664980 0.188274 0.670039
0 0.884357 0.635712 0.211175 0.728576
