1 0.234375 0.25546875 0.13125 0.22265625
1 0.36484375 0.34609375 0.08828125 0.14921875
1 0.4859375 0.41875 0.059375 0.1125
1 0.646875 0.31796875 0.06484375 0.12890625
1 0.79765625 0.32890625 0.065625 0.12421875
4 0.2046875 0.5875 0.19140625 0.42421875
4 0.36953125 0.5921875 0.1296875 0.321875
4 0.6578125 0.49140625 0.11484375 0.203125
4 0.82109375 0.5 0.12421875 0.22109375
0 0.806198 0.635427 0.190150 0.729147
0 0.499110 0.491838 0.155112 0.253531
0 0.308483 0.427307 0.425379 0.543710
0 0.397179 0.476723 0.202089 0.416418
0 0.656745 0.625259 0.178301 0.721016
