4 0.2015625 0.38359375 0.109375 0.25234375
4 0.59609375 0.52890625 0.096875 0.20234375
4 0.490625 0.5671875 0.1078125 0.19765625
4 0.4578125 0.33515625 0.078125 0.190625
2 0.50234375 0.4265625 0.04296875 0.09609375
2 0.2140625 0.2046875 0.04296875 0.11640625
2 0.5890625 0.4015625 0.04296875 0.09765625
2 0.62421875 0.1984375 0.03984375 0.08125
2 0.4640625 0.21015625 0.0328125 0.0828125
0 0.448627 0.668254 0.198162 0.617429
0 0.224605 0.553917 0.189723 0.773514
0 0.611135 0.663561 0.181038 0.621918
0 0.575586 0.305638 0.073376 0.238842
0 0.465383 0.368008 0.148830 0.387577
0 0.466052 0.320377 0.114026 0.288855
