2 0.36640625 0.30546875 0.0453125 0.1140625
2 0.45546875 0.2890625 0.04453125 0.121875
2 0.54921875 0.17265625 0.04921875 0.10625
2 0.7125 0.14296875 0.04296875 0.10703125
2 0.87890625 0.09375 0.04765625 0.11171875
2 0.19609375 0.271875 0.04765625 0.11640625
3 0.715625 0.29375 0.08203125 0.21484375
0 0.575407 0.466864 0.165928 0.701265
0 0.896805 0.392539 0.127477 0.678498
0 0.714631 0.388883 0.183854 0.597367
0 0.472015 0.558408 0.119971 0.648727
0 0.193810 0.541715 0.121372 0.688595
0 0.121721 0.528981 0.243339 0.936119
0 0.366769 0.561343 0.185938 0.629969
