1 0.23125 0.48125 0.0875 0.16015625
1 0.375 0.484375 0.06875 0.14921875
1 0.49375 0.43515625 0.07421875 0.1375
1 0.6125 0.46484375 0.0828125 0.1546875
1 0.69140625 0.45234375 0.08359375 0.1578125
3 0.20859375 0.6765625 0.12890625 0.2625
3 0.35546875 0.68671875 0.1328125 0.26015625
3 0.7078125 0.6546875 0.11328125 0.2578125
0 0.042193 0.803630 0.084330 0.391519
0 0.651714 0.691626 0.226551 0.615685
0 0.345366 0.707967 0.134772 0.583546
0 0.118126 0.804742 0.083610 0.390103
0 0.476114 0.684708 0.191124 0.630585
0 0.214617 0.700484 0.145394 0.599032
