1 0.115625 0.46015625 0.078125 0.13046875
1 0.2765625 0.4796875 0.06171875 0.10390625
1 0.6078125 0.49609375 0.0625 0.12890625
3 0.271875 0.6640625 0.10703125 0.215625
3 0.49296875 0.67734375 0.09140625 0.2421875
0 0.290223 0.713466 0.152676 0.570891
0 0.639157 0.715193 0.137519 0.564603
0 0.120448 0.693120 0.170933 0.603069
0 0.722056 0.679896 0.111455 0.467547
0 0.804034 0.692567 0.097278 0.527218
0 0.464583 0.715399 0.162060 0.565349
0 0.921276 0.608219 0.058556 0.242072
0 0.047806 0.619618 0.040396 0.214078
