4 0.13203125 0.39375 0.103125 0.21328125
4 0.2171875 0.46171875 0.1109375 0.2296875
4 0.3046875 0.3953125 0.096875 0.18828125
4 0.37734375 0.4390625 0.09609375 0.2203125
4 0.49609375 0.43046875 0.08984375 0.21015625
4 0.61171875 0.50078125 0.09375 0.22109375
4 0.7296875 0.42578125 0.11328125 0.20390625
4 0.83046875 0.45234375 0.12734375 0.22734375
1 0.375 0.26796875 0.05390625 0.10546875
1 0.303125 0.2421875 0.05078125 0.10546875
1 0.7234375 0.265625 0.05625 0.11015625
0 0.837672 0.608389 0.195862 0.753026
0 0.378321 0.546783 0.133074 0.644434
0 0.215835 0.555830 0.131987 0.663110
0 0.114280 0.535452 0.139107 0.731096
0 0.611938 0.592412 0.127998 0.609365
0 0.723287 0.535844 0.150335 0.639814
0 0.497400 0.537481 0.132065 0.616410
