1 0.478125 0.546875 0.0484375 0.09921875
1 0.5796875 0.54921875 0.04921875 0.109375
1 0.21328125 0.50234375 0.05 0.1140625
3 0.80703125 0.675 0.1046875 0.26875
3 0.375 0.71171875 0.09296875 0.23515625
0 0.581344 0.765576 0.119622 0.467950
0 0.473621 0.745968 0.114680 0.506289
0 0.944505 0.703002 0.110550 0.593996
0 0.800152 0.718884 0.138423 0.558955
0 0.681896 0.716569 0.122911 0.564446
0 0.215083 0.723774 0.137928 0.552437
0 0.374786 0.749737 0.106685 0.499637
0 0.033423 0.730569 0.066680 0.537211
0 0.894878 0.712117 0.088641 0.569968
0 0.108270 0.730358 0.119208 0.539283
0 0.751354 0.508327 0.066995 0.155413
0 0.305487 0.707802 0.100326 0.571788
0 0.065083 0.537195 0.087089 0.165952
0 0.160065 0.530008 0.050200 0.144883
