1 0.17109375 0.19453125 0.06796875 0.13359375
1 0.521875 0.240625 0.07734375 0.15625
3 0.15625 0.37109375 0.15703125 0.21875
3 0.3421875 0.37578125 0.13203125 0.19765625
0 0.953597 0.497846 0.092048 0.418155
0 0.044981 0.476639 0.089790 0.544368
0 0.151450 0.502544 0.173571 0.742976
0 0.341644 0.508238 0.151013 0.698503
0 0.815424 0.565487 0.216480 0.838505
0 0.623650 0.565869 0.134268 0.831372
0 0.459466 0.515826 0.114467 0.690725
0 0.257762 0.508231 0.085319 0.676691
0 0.527078 0.576511 0.157477 0.840254
0 0.741677 0.524461 0.111650 0.775643
