2 0.72734375 0.20703125 0.05390625 0.1078125
2 0.48125 0.2125 0.05625 0.09140625
2 0.5953125 0.21015625 0.0625 0.09296875
2 0.340625 0.18046875 0.0671875 0.08984375
2 0.190625 0.0921875 0.0796875 0.11953125
3 0.74609375 0.40390625 0.1484375 0.25625
0 0.633355 0.662700 0.225459 0.487741
0 0.736577 0.509571 0.194477 0.719439
0 0.241174 0.411180 0.274231 0.740625
0 0.590476 0.353863 0.137459 0.410615
0 0.341319 0.435428 0.127483 0.622349
0 0.341178 0.336082 0.128451 0.429320
0 0.457091 0.443711 0.171582 0.560670
0 0.569665 0.752610 0.347154 0.492362
0 0.304257 0.857458 0.301690 0.284409
