1 0.17109375 0.25078125 0.0796875 0.153125
2 0.7859375 0.29375 0.059375 0.08515625
3 0.79140625 0.45 0.10546875 0.21796875
0 0.789351 0.549625 0.135535 0.598749
0 0.319308 0.563733 0.157335 0.670270
0 0.099154 0.500671 0.114514 0.466063
0 0.038772 0.648484 0.077544 0.635014
0 0.613602 0.600917 0.179337 0.761943
0 0.179949 0.565383 0.129031 0.784573
0 0.182627 0.449626 0.128212 0.556169
0 0.532813 0.588938 0.129337 0.699190
0 0.153393 0.590923 0.178849 0.818155
0 0.192096 0.600818 0.179590 0.798364
