3 0.20625 0.58125 0.1375 0.2578125
3 0.48671875 0.53671875 0.11171875 0.2
3 0.70078125 0.55625 0.12890625 0.2484375
1 0.328125 0.39375 0.05 0.0984375
1 0.60390625 0.36484375 0.04609375 0.084375
0 0.482546 0.623194 0.130973 0.552749
0 0.707105 0.654492 0.173722 0.664330
0 0.336424 0.655900 0.136551 0.609523
0 0.206360 0.662162 0.183195 0.673431
0 0.599520 0.607983 0.114635 0.587286
0 0.922922 0.442051 0.071212 0.157286
0 0.860253 0.460433 0.059934 0.177387
0 0.978999 0.442864 0.041581 0.157996
0 0.064039 0.558864 0.058150 0.148764
