3 0.46484375 0.4625 0.08984375 0.1796875
3 0.3484375 0.46953125 0.115625 0.2546875
3 0.884375 0.44375 0.11015625 0.2625
1 0.875 0.275 0.06953125 0.0984375
0 0.867836 0.541499 0.141052 0.634658
0 0.061764 0.569784 0.123181 0.687730
0 0.713606 0.409782 0.079975 0.370168
0 0.462922 0.555263 0.097998 0.577921
0 0.967974 0.430869 0.063411 0.430737
0 0.345397 0.564961 0.147961 0.678265
0 0.600903 0.498141 0.142904 0.511780
0 0.145557 0.544257 0.115860 0.618985
0 0.227599 0.593736 0.183458 0.710781
0 0.032369 0.812790 0.064443 0.370842
0 0.525556 0.532646 0.095024 0.530552
0 0.653299 0.409782 0.073548 0.388663
