1 0.2015625 0.38359375 0.0265625 0.05234375
1 0.1421875 0.3859375 0.028125 0.05
1 0.49296875 0.3859375 0.02109375 0.04375
0 0.142924 0.521816 0.074688 0.297404
0 0.204438 0.529740 0.066503 0.318608
0 0.940255 0.682473 0.118828 0.635053
0 0.810664 0.631085 0.113684 0.521092
0 0.885427 0.664719 0.100143 0.555638
0 0.586871 0.529430 0.055041 0.305074
0 0.541082 0.509537 0.048179 0.273526
0 0.453181 0.502646 0.059117 0.213407
0 0.626859 0.546313 0.061733 0.326568
0 0.501500 0.497204 0.052357 0.246310
0 0.303464 0.479668 0.041538 0.162212
0 0.706549 0.577336 0.121890 0.371420
0 0.734848 0.579324 0.110965 0.369316
0 0.087514 0.476892 0.042633 0.154995
0 0.384904 0.492671 0.038230 0.184106
0 0.338144 0.493040 0.036748 0.150455
0 0.671714 0.557003 0.050805 0.321443
