3 0.5078125 0.5671875 0.06796875 0.12421875
3 0.646875 0.54921875 0.06875 0.1203125
3 0.73984375 0.57109375 0.07421875 0.13046875
3 0.11484375 0.53125 0.06796875 0.09765625
0 0.864975 0.589966 0.108552 0.334261
0 0.508569 0.628633 0.107679 0.356719
0 0.643338 0.616302 0.090495 0.368189
0 0.395063 0.626506 0.088877 0.352370
0 0.110615 0.596238 0.075082 0.334294
0 0.321628 0.618524 0.073694 0.342430
0 0.187991 0.606235 0.091035 0.337424
0 0.741096 0.634382 0.107004 0.377357
0 0.243420 0.619667 0.095582 0.356568
0 0.574177 0.608162 0.069246 0.365252
0 0.787600 0.576123 0.067160 0.322169
