4 0.27890625 0.50859375 0.240625 0.28125
4 0.66796875 0.39921875 0.21953125 0.25625
4 0.82578125 0.38828125 0.0734375 0.1046875
4 0.475 0.3703125 0.09140625 0.0890625
1 0.66640625 0.2140625 0.10390625 0.0921875
1 0.30859375 0.30390625 0.1203125 0.13046875
0 0.661681 0.574176 0.286245 0.805678
0 0.216280 0.626098 0.432561 0.747805
0 0.824739 0.428733 0.091924 0.256228
0 0.489118 0.426476 0.116233 0.264627
0 0.971199 0.545441 0.057166 0.310512
0 0.143004 0.430852 0.109074 0.290271
0 0.410254 0.499514 0.127531 0.368196
0 0.035298 0.608185 0.070596 0.717182
0 0.043487 0.679046 0.086975 0.500480
0 0.432165 0.507722 0.104604 0.350061
0 0.381796 0.354697 0.062834 0.072512
0 0.224459 0.331858 0.072780 0.086217
