3 0.84921875 0.3296875 0.09140625 0.17109375
3 0.6640625 0.33046875 0.0890625 0.15859375
2 0.14453125 0.2296875 0.04609375 0.08203125
2 0.2453125 0.22265625 0.0375 0.0828125
2 0.4015625 0.20390625 0.03671875 0.07578125
0 0.852910 0.417278 0.126210 0.509286
0 0.537846 0.441053 0.115352 0.490728
0 0.413935 0.420445 0.120261 0.497130
0 0.152372 0.443156 0.109929 0.501348
0 0.667186 0.432393 0.143567 0.515175
0 0.261856 0.410309 0.116450 0.452645
0 0.597811 0.411196 0.077335 0.421513
0 0.468397 0.387310 0.056294 0.323901
