2 0.18984375 0.47265625 0.14453125 0.2
2 0.33671875 0.2953125 0.03203125 0.0546875
0 0.226483 0.685693 0.452966 0.628615
0 0.836128 0.656583 0.326682 0.685820
0 0.333665 0.315578 0.078192 0.096441
0 0.630790 0.354514 0.107366 0.157504
0 0.282502 0.504751 0.139230 0.352702
0 0.704403 0.386989 0.116850 0.159165
0 0.546524 0.338945 0.109427 0.129791
0 0.780685 0.411069 0.162949 0.221388
0 0.768221 0.341136 0.056536 0.125662
0 0.984926 0.455173 0.029693 0.193425
0 0.519938 0.315562 0.060542 0.106586
0 0.216562 0.334630 0.080056 0.087250
