2 0.16171875 0.35859375 0.05703125 0.09609375
2 0.3609375 0.38046875 0.04609375 0.08203125
1 0.940625 0.31171875 0.0515625 0.0921875
3 0.52578125 0.48984375 0.10078125 0.21953125
3 0.76484375 0.525 0.140625 0.19375
0 0.151657 0.598416 0.165172 0.574591
0 0.726623 0.648564 0.269688 0.652370
0 0.357118 0.588142 0.125779 0.500271
0 0.927460 0.554113 0.143243 0.554168
0 0.548174 0.600990 0.155175 0.639120
0 0.603991 0.579664 0.097353 0.575056
0 0.284296 0.392986 0.033793 0.086351
0 0.416538 0.419463 0.051947 0.147187
0 0.975242 0.676416 0.049067 0.641501
0 0.648901 0.586054 0.122929 0.551915
