3 0.48359375 0.62265625 0.18515625 0.371875
3 0.6859375 0.66796875 0.20078125 0.37109375
1 0.68359375 0.390625 0.10390625 0.1546875
2 0.48125 0.35234375 0.0953125 0.153125
2 0.31796875 0.39609375 0.08828125 0.15234375
2 0.87578125 0.39375 0.0921875 0.1578125
0 0.124180 0.678192 0.247962 0.642357
0 0.329330 0.660627 0.182004 0.677907
0 0.682210 0.658463 0.220379 0.674734
0 0.492127 0.639417 0.221110 0.717502
0 0.864809 0.658465 0.269718 0.679342
0 0.429011 0.654824 0.355566 0.685913
0 0.190333 0.428677 0.119512 0.250312
0 0.783515 0.926339 0.079439 0.146105
