1 0.18359375 0.0953125 0.1140625 0.190625
1 0.39296875 0.26328125 0.0703125 0.1203125
1 0.4859375 0.28515625 0.04453125 0.08046875
0 0.148570 0.516472 0.258407 0.967055
0 0.372538 0.604328 0.167448 0.771794
0 0.784962 0.480098 0.038207 0.159580
0 0.493742 0.523276 0.111140 0.547515
0 0.704196 0.487799 0.060225 0.224519
0 0.745735 0.491763 0.040400 0.179281
0 0.662179 0.487088 0.073020 0.242409
0 0.619382 0.507420 0.073546 0.300882
0 0.576093 0.498667 0.064489 0.329462
0 0.749122 0.465846 0.031672 0.120985
