4 0.1328125 0.66328125 0.18046875 0.321875
4 0.2859375 0.7046875 0.12109375 0.2453125
4 0.665625 0.70546875 0.06953125 0.13125
4 0.43671875 0.7 0.0578125 0.11953125
1 0.18125 0.43125 0.09765625 0.13359375
1 0.3125 0.52578125 0.06328125 0.096875
0 0.120419 0.681041 0.238381 0.634424
0 0.689784 0.771137 0.113990 0.387999
0 0.276210 0.739926 0.158721 0.519851
0 0.424986 0.749968 0.085954 0.343862
0 0.354225 0.756734 0.087799 0.470378
0 0.069869 0.617157 0.139738 0.749476
0 0.042600 0.620293 0.085144 0.745838
