2 0.45859375 0.48828125 0.04296875 0.08046875
2 0.6453125 0.4578125 0.040625 0.06171875
2 0.24453125 0.51484375 0.04765625 0.08125
2 0.3328125 0.4625 0.03828125 0.078125
4 0.13828125 0.525 0.05078125 0.109375
3 0.4546875 0.6109375 0.059375 0.15703125
3 0.65234375 0.5640625 0.0515625 0.134375
0 0.086805 0.747064 0.173611 0.500393
0 0.477864 0.674779 0.182868 0.451947
0 0.139014 0.559124 0.070369 0.274337
0 0.778153 0.736420 0.153135 0.526512
0 0.247108 0.737264 0.099395 0.525472
0 0.334475 0.677555 0.105776 0.505192
0 0.873994 0.647497 0.092214 0.403038
0 0.637764 0.633527 0.099957 0.413485
0 0.546153 0.477690 0.063678 0.223819
0 0.752306 0.443637 0.029732 0.100540
0 0.377968 0.615063 0.057234 0.372705
0 0.979589 0.484216 0.036405 0.146411
0 0.887044 0.426613 0.020732 0.088249
0 0.379069 0.663489 0.070225 0.480222
