3 0.93671875 0.76796875 0.05 0.12578125
1 0.925 0.66640625 0.03828125 0.06015625
3 0.1703125 0.77578125 0.0453125 0.109375
1 0.171875 0.69609375 0.03125 0.05078125
1 0.084375 0.671875 0.0296875 0.04921875
3 0.271875 0.78125 0.0546875 0.1109375
0 0.269877 0.831594 0.098228 0.336214
0 0.181422 0.834070 0.079585 0.323310
0 0.369313 0.852213 0.110958 0.295143
0 0.952452 0.814632 0.089923 0.350088
0 0.498818 0.711637 0.047351 0.242230
0 0.610095 0.831830 0.073010 0.330395
0 0.071262 0.796543 0.056662 0.300656
0 0.800107 0.837499 0.102212 0.324953
0 0.031960 0.783242 0.063919 0.260770
0 0.302821 0.610823 0.034537 0.119683
0 0.748751 0.846920 0.098537 0.297148
