2 0.14765625 0.84609375 0.0703125 0.0734375
3 0.13046875 0.9484375 0.25625 0.103125
1 0.4234375 0.79609375 0.0984375 0.08515625
1 0.66875 0.709375 0.0453125 0.04453125
0 0.137907 0.905630 0.275741 0.188006
0 0.835382 0.844534 0.148072 0.308612
0 0.580108 0.819142 0.074193 0.219539
0 0.398624 0.874970 0.283513 0.248940
0 0.737323 0.835169 0.108793 0.273777
0 0.632412 0.818716 0.059517 0.233787
0 0.681619 0.815391 0.080349 0.253471
0 0.945244 0.853484 0.108896 0.289762
0 0.405724 0.675023 0.087515 0.134184
