1 0.38984375 0.6421875 0.04375 0.0734375
1 0.49296875 0.67265625 0.03828125 0.06015625
1 0.16328125 0.69765625 0.040625 0.05078125
0 0.916073 0.772111 0.167273 0.453135
0 0.407443 0.805507 0.104956 0.388333
0 0.618096 0.825899 0.092542 0.348201
0 0.162314 0.817759 0.051045 0.281864
0 0.750623 0.801329 0.116947 0.396652
0 0.320266 0.803378 0.047548 0.223839
0 0.674794 0.816776 0.084178 0.366449
0 0.558947 0.824164 0.081627 0.342564
0 0.467577 0.823979 0.063004 0.350552
0 0.809023 0.814631 0.070839 0.370020
0 0.454400 0.825792 0.078132 0.348417
0 0.496879 0.824160 0.070807 0.351680
0 0.224004 0.754999 0.037987 0.102749
