2 0.31171875 0.7015625 0.028125 0.04453125
2 0.2421875 0.69375 0.0296875 0.046875
2 0.32734375 0.6703125 0.01875 0.03359375
2 0.36796875 0.6625 0.021875 0.0375
2 0.50234375 0.65390625 0.0140625 0.0203125
0 0.048765 0.849900 0.097118 0.298792
0 0.223226 0.829773 0.084315 0.338487
0 0.877647 0.710634 0.045242 0.139685
0 0.363642 0.779240 0.075913 0.257092
0 0.927669 0.678261 0.025895 0.079299
0 0.148532 0.757923 0.057363 0.228768
0 0.680562 0.702450 0.040495 0.117400
0 0.642168 0.705901 0.030485 0.112296
0 0.304333 0.761179 0.057492 0.164980
0 0.500850 0.693491 0.022911 0.082937
