2 0.15234375 0.2421875 0.221875 0.253125
2 0.54453125 0.22265625 0.11875 0.13671875
2 0.6921875 0.3484375 0.13359375 0.19921875
3 0.1859375 0.61640625 0.37109375 0.47734375
3 0.88671875 0.73046875 0.22578125 0.509375
0 0.202392 0.556772 0.403089 0.881903
0 0.685872 0.619961 0.326266 0.756442
0 0.814602 0.602846 0.370162 0.791987
0 0.946084 0.267034 0.107246 0.372936
0 0.511962 0.529285 0.202841 0.807483
0 0.459366 0.381733 0.134428 0.623479
0 0.872549 0.603197 0.253566 0.793606
0 0.783225 0.212998 0.169295 0.178544
0 0.761401 0.104570 0.097952 0.072564
