2 0.0984375 0.45390625 0.03984375 0.05703125
2 0.2140625 0.453125 0.04296875 0.08828125
2 0.31171875 0.43828125 0.0390625 0.05859375
2 0.71171875 0.43828125 0.04375 0.0640625
2 0.8125 0.44453125 0.04765625 0.06484375
3 0.696875 0.5421875 0.07734375 0.13828125
0 0.234971 0.608097 0.142228 0.398019
0 0.705756 0.587733 0.120865 0.360224
0 0.312453 0.527951 0.099089 0.149593
0 0.322826 0.457692 0.062096 0.096998
0 0.815396 0.537703 0.107290 0.251122
0 0.765477 0.487961 0.056503 0.104576
0 0.102645 0.496333 0.056248 0.139137
0 0.815636 0.593310 0.108768 0.364358
