3 0.36796875 0.4703125 0.14296875 0.2421875
3 0.49375 0.49375 0.184375 0.2515625
2 0.3796875 0.275 0.07734375 0.14921875
2 0.49140625 0.28515625 0.07421875 0.12890625
2 0.6515625 0.31328125 0.0765625 0.1359375
3 0.68984375 0.50859375 0.20703125 0.221875
2 0.58125 0.24609375 0.053125 0.13125
0 0.354961 0.598023 0.252836 0.803954
0 0.689557 0.622078 0.231062 0.755802
0 0.792521 0.594561 0.189094 0.810878
0 0.494214 0.606621 0.193313 0.784214
0 0.734374 0.294199 0.089857 0.230362
0 0.580707 0.333820 0.106837 0.308831
