3 0.153125 0.60234375 0.19609375 0.2828125
3 0.3140625 0.5734375 0.17421875 0.32109375
3 0.46484375 0.5671875 0.153125 0.34453125
3 0.640625 0.46953125 0.196875 0.3125
2 0.1625 0.378125 0.0921875 0.15625
2 0.3171875 0.325 0.08203125 0.159375
2 0.6359375 0.2359375 0.0890625 0.1578125
0 0.161440 0.648458 0.195958 0.703085
0 0.463421 0.606554 0.187739 0.777481
0 0.852588 0.468123 0.222112 0.504467
0 0.317826 0.622876 0.193311 0.751841
0 0.643225 0.577608 0.213368 0.793365
0 0.855050 0.852077 0.178832 0.250438
