2 0.12734375 0.3265625 0.07734375 0.146875
2 0.29296875 0.315625 0.11171875 0.17734375
2 0.46875 0.20703125 0.09765625 0.17734375
2 0.6296875 0.23359375 0.10546875 0.1515625
2 0.8390625 0.2671875 0.1 0.1484375
3 0.125 0.54921875 0.153125 0.2828125
3 0.2921875 0.57265625 0.17734375 0.3265625
3 0.46796875 0.51953125 0.20546875 0.415625
3 0.66640625 0.465625 0.2 0.30625
3 0.83828125 0.48671875 0.18359375 0.2515625
0 0.466005 0.570742 0.207435 0.853233
0 0.661360 0.581265 0.201583 0.837470
0 0.838246 0.453261 0.194808 0.529764
0 0.297429 0.611965 0.179229 0.771940
0 0.137676 0.630533 0.164660 0.736252
