3 0.16484375 0.64140625 0.15703125 0.23828125
3 0.3203125 0.65234375 0.15625 0.36953125
3 0.49375 0.64921875 0.2 0.39375
2 0.4859375 0.36015625 0.09375 0.18125
2 0.16796875 0.4609375 0.06953125 0.11953125
2 0.64140625 0.34140625 0.07890625 0.15078125
2 0.734375 0.3703125 0.07109375 0.13359375
0 0.489379 0.637592 0.222275 0.721011
0 0.161509 0.696863 0.175404 0.606100
0 0.875951 0.702220 0.134700 0.595559
0 0.317947 0.660576 0.169824 0.678565
0 0.695977 0.645230 0.281190 0.707695
0 0.737296 0.646148 0.186576 0.705729
0 0.765498 0.650456 0.131305 0.696968
