2 0.1671875 0.34765625 0.08046875 0.1359375
2 0.31171875 0.38828125 0.06484375 0.140625
2 0.47109375 0.3015625 0.07421875 0.14375
2 0.63984375 0.434375 0.08515625 0.13125
2 0.84140625 0.3875 0.10859375 0.1515625
3 0.14140625 0.59140625 0.18515625 0.32109375
3 0.31171875 0.5984375 0.1328125 0.259375
3 0.4671875 0.546875 0.15546875 0.33515625
3 0.65625 0.65390625 0.153125 0.29375
0 0.872465 0.584832 0.248248 0.829016
0 0.121951 0.633619 0.242730 0.726121
0 0.482050 0.510002 0.225806 0.955616
0 0.656894 0.568234 0.187858 0.860285
0 0.310550 0.605519 0.158562 0.597773
0 0.485993 0.541377 0.211498 0.704112
